2.773864746093750000e+01
2.773864746093750000e+01
2.773864746093750000e+01
2.773925781250000000e+01
2.774047851562500000e+01
2.774230957031250000e+01
2.774414062500000000e+01
2.774658203125000000e+01
2.774719238281250000e+01
2.774902343750000000e+01
2.775085449218750000e+01
2.775268554687500000e+01
2.775390625000000000e+01
2.775573730468750000e+01
2.775634765625000000e+01
2.775939941406250000e+01
2.776062011718750000e+01
2.776245117187500000e+01
2.776428222656250000e+01
2.776611328125000000e+01
2.776855468750000000e+01
2.776855468750000000e+01
2.777099609375000000e+01
2.777160644531250000e+01
2.777465820312500000e+01
2.777465820312500000e+01
2.777709960937500000e+01
2.777770996093750000e+01
2.778076171875000000e+01
2.778137207031250000e+01
2.778320312500000000e+01
2.778442382812500000e+01
2.778625488281250000e+01
2.778869628906250000e+01
2.778991699218750000e+01
2.779113769531250000e+01
2.779418945312500000e+01
2.779418945312500000e+01
2.779663085937500000e+01
2.779724121093750000e+01
2.779968261718750000e+01
2.780151367187500000e+01
2.780212402343750000e+01
2.780517578125000000e+01
2.780639648437500000e+01
2.780761718750000000e+01
2.781066894531250000e+01
2.781127929687500000e+01
2.781311035156250000e+01
2.781433105468750000e+01
2.781677246093750000e+01
2.781738281250000000e+01
2.781982421875000000e+01
2.782043457031250000e+01
2.782287597656250000e+01
2.782409667968750000e+01
2.782592773437500000e+01
2.782653808593750000e+01
2.782958984375000000e+01
2.783020019531250000e+01
2.783325195312500000e+01
2.783325195312500000e+01
2.783569335937500000e+01
2.783691406250000000e+01
2.783874511718750000e+01
2.783996582031250000e+01
2.784301757812500000e+01
2.784301757812500000e+01
2.784545898437500000e+01
2.784606933593750000e+01
2.784851074218750000e+01
2.785034179687500000e+01
2.785156250000000000e+01
2.785400390625000000e+01
2.785522460937500000e+01
2.785644531250000000e+01
2.785949707031250000e+01
2.785949707031250000e+01
2.786254882812500000e+01
2.786254882812500000e+01
2.786560058593750000e+01
2.786621093750000000e+01
2.786926269531250000e+01
2.786987304687500000e+01
2.787231445312500000e+01
2.787292480468750000e+01
2.787536621093750000e+01
2.787597656250000000e+01
2.787902832031250000e+01
2.787963867187500000e+01
2.788146972656250000e+01
2.788208007812500000e+01
2.788574218750000000e+01
2.788574218750000000e+01
2.788757324218750000e+01
2.789001464843750000e+01
2.789062500000000000e+01
2.789428710937500000e+01
2.789428710937500000e+01
2.789550781250000000e+01
2.789733886718750000e+01
2.789855957031250000e+01
2.790100097656250000e+01
2.790222167968750000e+01
2.790344238281250000e+01
2.790527343750000000e+01
2.790771484375000000e+01
2.790832519531250000e+01
2.791137695312500000e+01
2.791137695312500000e+01
2.791442871093750000e+01
2.791503906250000000e+01
2.791748046875000000e+01
2.791809082031250000e+01
2.792114257812500000e+01
2.792175292968750000e+01
2.792419433593750000e+01
2.792480468750000000e+01
2.792724609375000000e+01
2.792785644531250000e+01
2.792968750000000000e+01
2.793151855468750000e+01
2.793334960937500000e+01
2.793395996093750000e+01
2.793701171875000000e+01
2.793762207031250000e+01
2.794006347656250000e+01
2.794067382812500000e+01
2.794372558593750000e+01
2.794494628906250000e+01
2.794677734375000000e+01
2.794799804687500000e+01
2.794921875000000000e+01
2.795104980468750000e+01
2.795288085937500000e+01
2.795410156250000000e+01
2.795593261718750000e+01
2.795654296875000000e+01
2.795837402343750000e+01
2.796142578125000000e+01
2.796203613281250000e+01
2.796508789062500000e+01
2.796569824218750000e+01
2.796691894531250000e+01
2.796875000000000000e+01
2.797119140625000000e+01
2.797241210937500000e+01
2.797363281250000000e+01
2.797546386718750000e+01
2.797668457031250000e+01
2.797912597656250000e+01
2.797973632812500000e+01
2.798278808593750000e+01
2.798339843750000000e+01
2.798583984375000000e+01
2.798645019531250000e+01
2.798828125000000000e+01
2.799011230468750000e+01
2.799133300781250000e+01
2.799255371093750000e+01
2.799377441406250000e+01
2.799743652343750000e+01
2.799743652343750000e+01
2.799926757812500000e+01
2.800048828125000000e+01
2.800354003906250000e+01
2.800415039062500000e+01
2.800537109375000000e+01
2.800659179687500000e+01
2.800964355468750000e+01
2.801025390625000000e+01
2.801269531250000000e+01
2.801391601562500000e+01
2.801574707031250000e+01
2.801757812500000000e+01
2.801879882812500000e+01
2.801940917968750000e+01
2.802307128906250000e+01
2.802368164062500000e+01
2.802612304687500000e+01
2.802673339843750000e+01
2.802978515625000000e+01
