2.293212890625000000e+01
2.293212890625000000e+01
2.293273925781250000e+01
2.293334960937500000e+01
2.293457031250000000e+01
2.293579101562500000e+01
2.293762207031250000e+01
2.293945312500000000e+01
2.294067382812500000e+01
2.294372558593750000e+01
2.294433593750000000e+01
2.294738769531250000e+01
2.294799804687500000e+01
2.295043945312500000e+01
2.295104980468750000e+01
2.295349121093750000e+01
2.295410156250000000e+01
2.295715332031250000e+01
2.295776367187500000e+01
2.295959472656250000e+01
2.296142578125000000e+01
2.296325683593750000e+01
2.296447753906250000e+01
2.296630859375000000e+01
2.296691894531250000e+01
2.296997070312500000e+01
2.297058105468750000e+01
2.297363281250000000e+01
2.297424316406250000e+01
2.297607421875000000e+01
2.297729492187500000e+01
2.297912597656250000e+01
2.298034667968750000e+01
2.298278808593750000e+01
2.298339843750000000e+01
2.298645019531250000e+01
2.298706054687500000e+01
2.298950195312500000e+01
2.299011230468750000e+01
2.299133300781250000e+01
2.299316406250000000e+01
2.299438476562500000e+01
2.299621582031250000e+01
2.299804687500000000e+01
2.299987792968750000e+01
2.300170898437500000e+01
2.300292968750000000e+01
2.300537109375000000e+01
2.300598144531250000e+01
2.300720214843750000e+01
2.301025390625000000e+01
2.301147460937500000e+01
2.301269531250000000e+01
2.301574707031250000e+01
2.301696777343750000e+01
2.301879882812500000e+01
2.301940917968750000e+01
2.302185058593750000e+01
2.302246093750000000e+01
2.302490234375000000e+01
2.302612304687500000e+01
2.302856445312500000e+01
2.302978515625000000e+01
2.303161621093750000e+01
2.303283691406250000e+01
2.303466796875000000e+01
2.303649902343750000e+01
2.303833007812500000e+01
2.303894042968750000e+01
2.304138183593750000e+01
2.304260253906250000e+01
2.304443359375000000e+01
2.304504394531250000e+01
2.304870605468750000e+01
2.304931640625000000e+01
2.305114746093750000e+01
2.305236816406250000e+01
2.305419921875000000e+01
2.305603027343750000e+01
2.305786132812500000e+01
2.305908203125000000e+01
2.306091308593750000e+01
2.306274414062500000e+01
2.306457519531250000e+01
2.306579589843750000e+01
2.306762695312500000e+01
2.306945800781250000e+01
2.307067871093750000e+01
2.307128906250000000e+01
2.307434082031250000e+01
2.307617187500000000e+01
2.307739257812500000e+01
2.307922363281250000e+01
2.308105468750000000e+01
2.308227539062500000e+01
2.308349609375000000e+01
2.308532714843750000e+01
2.308715820312500000e+01
2.308837890625000000e+01
2.309082031250000000e+01
2.309204101562500000e+01
2.309326171875000000e+01
2.309448242187500000e+01
2.309692382812500000e+01
2.309814453125000000e+01
2.309997558593750000e+01
2.310119628906250000e+01
2.310363769531250000e+01
2.310485839843750000e+01
2.310668945312500000e+01
2.310791015625000000e+01
2.310974121093750000e+01
2.311035156250000000e+01
2.311340332031250000e+01
2.311401367187500000e+01
2.311645507812500000e+01
2.311767578125000000e+01
2.312011718750000000e+01
2.312133789062500000e+01
2.312255859375000000e+01
2.312377929687500000e+01
2.312683105468750000e+01
2.312744140625000000e+01
2.312927246093750000e+01
2.313110351562500000e+01
2.313293457031250000e+01
2.313415527343750000e+01
2.313476562500000000e+01
2.313659667968750000e+01
2.313903808593750000e+01
2.313964843750000000e+01
2.314208984375000000e+01
2.314270019531250000e+01
2.314636230468750000e+01
2.314697265625000000e+01
2.314880371093750000e+01
2.314941406250000000e+01
2.315185546875000000e+01
2.315307617187500000e+01
2.315551757812500000e+01
2.315612792968750000e+01
2.315917968750000000e+01
2.315979003906250000e+01
2.316162109375000000e+01
2.316284179687500000e+01
2.316528320312500000e+01
2.316650390625000000e+01
2.316833496093750000e+01
2.316894531250000000e+01
2.317138671875000000e+01
2.317260742187500000e+01
2.317504882812500000e+01
2.317504882812500000e+01
2.317871093750000000e+01
2.317932128906250000e+01
2.318054199218750000e+01
2.318237304687500000e+01
2.318481445312500000e+01
2.318603515625000000e+01
2.318664550781250000e+01
2.318908691406250000e+01
2.319152832031250000e+01
2.319213867187500000e+01
2.319335937500000000e+01
2.319580078125000000e+01
2.319702148437500000e+01
2.319885253906250000e+01
2.320007324218750000e+01
2.320190429687500000e+01
2.320373535156250000e+01
2.320495605468750000e+01
2.320678710937500000e+01
2.320800781250000000e+01
2.321044921875000000e+01
2.321166992187500000e+01
2.321350097656250000e+01
2.321472167968750000e+01
2.321716308593750000e+01
2.321777343750000000e+01
2.322021484375000000e+01
2.322143554687500000e+01
2.322326660156250000e+01
2.322448730468750000e+01
2.322692871093750000e+01
2.322753906250000000e+01
2.322998046875000000e+01
2.323120117187500000e+01
2.323303222656250000e+01
2.323425292968750000e+01
2.323730468750000000e+01
2.323791503906250000e+01
2.323913574218750000e+01
2.324096679687500000e+01
2.324279785156250000e+01
2.324401855468750000e+01
2.324645996093750000e+01
2.324707031250000000e+01
2.324951171875000000e+01
2.325134277343750000e+01
2.325317382812500000e+01
2.325378417968750000e+01
2.325683593750000000e+01
2.325683593750000000e+01
2.325927734375000000e+01
2.326049804687500000e+01
2.326293945312500000e+01
2.326354980468750000e+01
2.326599121093750000e+01
2.326660156250000000e+01
2.327026367187500000e+01
2.327026367187500000e+01
2.327270507812500000e+01
2.327392578125000000e+01
2.327575683593750000e+01
2.327697753906250000e+01
2.327880859375000000e+01
2.328063964843750000e+01
2.328247070312500000e+01
2.328369140625000000e+01
2.328552246093750000e+01
2.328735351562500000e+01
2.328857421875000000e+01
2.329101562500000000e+01
2.329223632812500000e+01
2.329406738281250000e+01
2.329589843750000000e+01
2.329711914062500000e+01
2.329895019531250000e+01
2.330017089843750000e+01
2.330200195312500000e+01
2.330322265625000000e+01
2.330505371093750000e+01
2.330627441406250000e+01
2.330810546875000000e+01
