2.773803710937500000e+01
2.773803710937500000e+01
2.773864746093750000e+01
2.773925781250000000e+01
2.774169921875000000e+01
2.774230957031250000e+01
2.774414062500000000e+01
2.774536132812500000e+01
2.774780273437500000e+01
2.774902343750000000e+01
2.775085449218750000e+01
2.775268554687500000e+01
2.775451660156250000e+01
2.775573730468750000e+01
2.775756835937500000e+01
2.775878906250000000e+01
2.776062011718750000e+01
2.776306152343750000e+01
2.776428222656250000e+01
2.776611328125000000e+01
2.776794433593750000e+01
2.776855468750000000e+01
2.777099609375000000e+01
2.777160644531250000e+01
2.777465820312500000e+01
2.777526855468750000e+01
2.777648925781250000e+01
2.777893066406250000e+01
2.777954101562500000e+01
2.778198242187500000e+01
2.778259277343750000e+01
2.778564453125000000e+01
2.778625488281250000e+01
2.778869628906250000e+01
2.779052734375000000e+01
2.779113769531250000e+01
2.779357910156250000e+01
2.779418945312500000e+01
2.779785156250000000e+01
2.779846191406250000e+01
2.779968261718750000e+01
2.780151367187500000e+01
2.780334472656250000e+01
2.780456542968750000e+01
2.780761718750000000e+01
2.780761718750000000e+01
2.781005859375000000e+01
2.781127929687500000e+01
2.781250000000000000e+01
2.781494140625000000e+01
2.781555175781250000e+01
2.781799316406250000e+01
2.781982421875000000e+01
2.782043457031250000e+01
2.782287597656250000e+01
2.782348632812500000e+01
2.782714843750000000e+01
2.782714843750000000e+01
2.782958984375000000e+01
2.783020019531250000e+01
2.783325195312500000e+01
2.783386230468750000e+01
2.783447265625000000e+01
2.783813476562500000e+01
2.783874511718750000e+01
2.784057617187500000e+01
2.784240722656250000e+01
2.784362792968750000e+01
2.784606933593750000e+01
2.784606933593750000e+01
2.784851074218750000e+01
2.784973144531250000e+01
2.785278320312500000e+01
2.785339355468750000e+01
2.785583496093750000e+01
2.785644531250000000e+01
2.785888671875000000e+01
2.785949707031250000e+01
2.786254882812500000e+01
2.786315917968750000e+01
2.786621093750000000e+01
2.786682128906250000e+01
2.786865234375000000e+01
2.786987304687500000e+01
2.787231445312500000e+01
2.787292480468750000e+01
2.787475585937500000e+01
2.787597656250000000e+01
2.787841796875000000e+01
2.787963867187500000e+01
2.788208007812500000e+01
2.788330078125000000e+01
2.788452148437500000e+01
2.788574218750000000e+01
2.788757324218750000e+01
2.788940429687500000e+01
2.789184570312500000e+01
2.789245605468750000e+01
2.789428710937500000e+01
2.789550781250000000e+01
2.789794921875000000e+01
2.789916992187500000e+01
2.790039062500000000e+01
2.790283203125000000e+01
2.790344238281250000e+01
2.790527343750000000e+01
2.790832519531250000e+01
2.790832519531250000e+01
2.791137695312500000e+01
2.791137695312500000e+01
2.791503906250000000e+01
2.791503906250000000e+01
2.791748046875000000e+01
2.791870117187500000e+01
2.792114257812500000e+01
2.792236328125000000e+01
2.792419433593750000e+01
2.792480468750000000e+01
2.792724609375000000e+01
2.792785644531250000e+01
2.793029785156250000e+01
2.793151855468750000e+01
2.793395996093750000e+01
2.793457031250000000e+01
2.793762207031250000e+01
2.793823242187500000e+01
2.794006347656250000e+01
2.794128417968750000e+01
2.794311523437500000e+01
2.794494628906250000e+01
2.794616699218750000e+01
2.794799804687500000e+01
2.794982910156250000e+01
2.795104980468750000e+01
2.795349121093750000e+01
2.795410156250000000e+01
2.795654296875000000e+01
2.795715332031250000e+01
2.795959472656250000e+01
2.796081542968750000e+01
2.796264648437500000e+01
2.796386718750000000e+01
2.796630859375000000e+01
2.796691894531250000e+01
2.796997070312500000e+01
2.797058105468750000e+01
2.797302246093750000e+01
2.797363281250000000e+01
2.797607421875000000e+01
2.797668457031250000e+01
2.797851562500000000e+01
2.798034667968750000e+01
2.798217773437500000e+01
2.798339843750000000e+01
2.798583984375000000e+01
2.798645019531250000e+01
2.798950195312500000e+01
2.798950195312500000e+01
2.799194335937500000e+01
2.799255371093750000e+01
2.799560546875000000e+01
2.799621582031250000e+01
2.799865722656250000e+01
2.799926757812500000e+01
2.800292968750000000e+01
2.800292968750000000e+01
2.800476074218750000e+01
2.800598144531250000e+01
2.800781250000000000e+01
2.800964355468750000e+01
2.801147460937500000e+01
2.801269531250000000e+01
2.801452636718750000e+01
2.801574707031250000e+01
2.801818847656250000e+01
2.801879882812500000e+01
2.802124023437500000e+01
2.802246093750000000e+01
2.802490234375000000e+01
2.802551269531250000e+01
2.802856445312500000e+01
