2.773864746093750000e+01
2.773864746093750000e+01
2.773864746093750000e+01
2.773925781250000000e+01
2.774108886718750000e+01
2.774230957031250000e+01
2.774475097656250000e+01
2.774536132812500000e+01
2.774902343750000000e+01
2.774902343750000000e+01
2.775207519531250000e+01
2.775268554687500000e+01
2.775512695312500000e+01
2.775573730468750000e+01
2.775817871093750000e+01
2.775878906250000000e+01
2.776184082031250000e+01
2.776306152343750000e+01
2.776489257812500000e+01
2.776611328125000000e+01
2.776855468750000000e+01
2.776916503906250000e+01
2.777099609375000000e+01
2.777160644531250000e+01
2.777465820312500000e+01
2.777587890625000000e+01
2.777770996093750000e+01
2.777832031250000000e+01
2.778076171875000000e+01
2.778198242187500000e+01
2.778381347656250000e+01
2.778503417968750000e+01
2.778747558593750000e+01
2.778808593750000000e+01
2.779113769531250000e+01
2.779235839843750000e+01
2.779357910156250000e+01
2.779479980468750000e+01
2.779724121093750000e+01
2.779785156250000000e+01
2.780090332031250000e+01
2.780151367187500000e+01
2.780395507812500000e+01
2.780517578125000000e+01
2.780700683593750000e+01
2.780822753906250000e+01
2.781005859375000000e+01
2.781127929687500000e+01
2.781372070312500000e+01
2.781494140625000000e+01
2.781677246093750000e+01
2.781738281250000000e+01
2.782043457031250000e+01
2.782104492187500000e+01
2.782348632812500000e+01
2.782409667968750000e+01
2.782653808593750000e+01
2.782714843750000000e+01
2.782958984375000000e+01
2.783081054687500000e+01
2.783325195312500000e+01
2.783447265625000000e+01
2.783569335937500000e+01
2.783691406250000000e+01
2.783996582031250000e+01
2.784057617187500000e+01
2.784362792968750000e+01
2.784423828125000000e+01
2.784606933593750000e+01
2.784729003906250000e+01
2.784912109375000000e+01
2.785034179687500000e+01
2.785217285156250000e+01
2.785339355468750000e+01
2.785583496093750000e+01
2.785705566406250000e+01
2.785888671875000000e+01
2.786010742187500000e+01
2.786254882812500000e+01
2.786376953125000000e+01
2.786560058593750000e+01
2.786743164062500000e+01
2.786865234375000000e+01
2.787048339843750000e+01
2.787292480468750000e+01
2.787353515625000000e+01
2.787536621093750000e+01
2.787719726562500000e+01
2.787902832031250000e+01
2.788024902343750000e+01
2.788208007812500000e+01
2.788330078125000000e+01
2.788513183593750000e+01
2.788635253906250000e+01
2.788757324218750000e+01
2.788940429687500000e+01
2.789184570312500000e+01
2.789306640625000000e+01
2.789489746093750000e+01
2.789550781250000000e+01
2.789794921875000000e+01
2.789916992187500000e+01
2.790100097656250000e+01
2.790222167968750000e+01
2.790466308593750000e+01
2.790527343750000000e+01
2.790832519531250000e+01
2.790893554687500000e+01
2.791137695312500000e+01
2.791198730468750000e+01
2.791442871093750000e+01
2.791503906250000000e+01
2.791809082031250000e+01
2.791870117187500000e+01
2.792114257812500000e+01
2.792358398437500000e+01
2.792419433593750000e+01
2.792541503906250000e+01
2.792724609375000000e+01
2.792907714843750000e+01
2.792968750000000000e+01
2.793212890625000000e+01
2.793334960937500000e+01
2.793518066406250000e+01
2.793701171875000000e+01
2.793762207031250000e+01
2.794006347656250000e+01
2.794067382812500000e+01
2.794433593750000000e+01
2.794494628906250000e+01
2.794616699218750000e+01
2.794799804687500000e+01
2.795043945312500000e+01
2.795166015625000000e+01
2.795349121093750000e+01
2.795471191406250000e+01
2.795593261718750000e+01
2.795776367187500000e+01
2.795959472656250000e+01
2.796142578125000000e+01
2.796325683593750000e+01
2.796386718750000000e+01
2.796691894531250000e+01
2.796752929687500000e+01
2.796997070312500000e+01
2.796997070312500000e+01
2.797363281250000000e+01
2.797363281250000000e+01
2.797607421875000000e+01
2.797729492187500000e+01
2.797851562500000000e+01
2.798095703125000000e+01
2.798156738281250000e+01
2.798400878906250000e+01
2.798583984375000000e+01
2.798645019531250000e+01
2.798828125000000000e+01
2.799072265625000000e+01
2.799194335937500000e+01
2.799316406250000000e+01
2.799621582031250000e+01
2.799682617187500000e+01
2.799865722656250000e+01
2.799987792968750000e+01
2.800231933593750000e+01
2.800292968750000000e+01
2.800537109375000000e+01
2.800598144531250000e+01
2.800842285156250000e+01
2.800964355468750000e+01
2.801086425781250000e+01
2.801330566406250000e+01
2.801452636718750000e+01
2.801635742187500000e+01
2.801818847656250000e+01
2.801879882812500000e+01
2.802124023437500000e+01
2.802246093750000000e+01
2.802490234375000000e+01
2.802551269531250000e+01
2.802795410156250000e+01
