2.667400000000000091e+02
2.672099999999999795e+02
2.670600000000000023e+02
2.672099999999999795e+02
2.670899999999999750e+02
2.671299999999999955e+02
2.671899999999999977e+02
2.671700000000000159e+02
2.670099999999999909e+02
2.671700000000000159e+02
2.670299999999999727e+02
2.668199999999999932e+02
2.666800000000000068e+02
2.669200000000000159e+02
2.668999999999999773e+02
2.666700000000000159e+02
2.670099999999999909e+02
2.670600000000000023e+02
2.669800000000000182e+02
2.667300000000000182e+02
2.668600000000000136e+02
2.669499999999999886e+02
2.669399999999999977e+02
2.670400000000000205e+02
2.669700000000000273e+02
2.670000000000000000e+02
2.669800000000000182e+02
2.670000000000000000e+02
2.671399999999999864e+02
2.669700000000000273e+02
2.669700000000000273e+02
2.668399999999999750e+02
2.667599999999999909e+02
2.667099999999999795e+02
2.669399999999999977e+02
2.667500000000000000e+02
2.668999999999999773e+02
2.668299999999999841e+02
2.666299999999999955e+02
2.667500000000000000e+02
2.666999999999999886e+02
2.666999999999999886e+02
2.669100000000000250e+02
2.669399999999999977e+02
2.668500000000000227e+02
2.667300000000000182e+02
2.666999999999999886e+02
2.667799999999999727e+02
2.667699999999999818e+02
2.669599999999999795e+02
2.668500000000000227e+02
2.666800000000000068e+02
2.667699999999999818e+02
2.669399999999999977e+02
2.669200000000000159e+02
2.668799999999999955e+02
2.670699999999999932e+02
2.670699999999999932e+02
2.670099999999999909e+02
2.670400000000000205e+02
2.670699999999999932e+02
2.671800000000000068e+02
2.670099999999999909e+02
2.670000000000000000e+02
2.670099999999999909e+02
2.668799999999999955e+02
2.671399999999999864e+02
2.670199999999999818e+02
2.669100000000000250e+02
2.670099999999999909e+02
2.671899999999999977e+02
2.669700000000000273e+02
2.670000000000000000e+02
2.671600000000000250e+02
2.669700000000000273e+02
2.670099999999999909e+02
2.668799999999999955e+02
2.669100000000000250e+02
2.667300000000000182e+02
2.667500000000000000e+02
2.667599999999999909e+02
2.667400000000000091e+02
2.668999999999999773e+02
2.668700000000000045e+02
2.669300000000000068e+02
2.668500000000000227e+02
2.669900000000000091e+02
2.670199999999999818e+02
2.669499999999999886e+02
2.669200000000000159e+02
2.669800000000000182e+02
2.669100000000000250e+02
2.668799999999999955e+02
2.669300000000000068e+02
2.670000000000000000e+02
2.670199999999999818e+02
2.668600000000000136e+02
2.666700000000000159e+02
2.667900000000000205e+02
2.669200000000000159e+02
2.668399999999999750e+02
2.668500000000000227e+02
2.669700000000000273e+02
2.671100000000000136e+02
2.668899999999999864e+02
2.669599999999999795e+02
2.669499999999999886e+02
2.670199999999999818e+02
2.670500000000000114e+02
2.671000000000000227e+02
2.669100000000000250e+02
2.667799999999999727e+02
2.669900000000000091e+02
2.668799999999999955e+02
2.669599999999999795e+02
2.671200000000000045e+02
2.671100000000000136e+02
2.672500000000000000e+02
2.671999999999999886e+02
2.672400000000000091e+02
2.671000000000000227e+02
2.671600000000000250e+02
2.673600000000000136e+02
2.671800000000000068e+02
2.672400000000000091e+02
2.672300000000000182e+02
2.673600000000000136e+02
2.674300000000000068e+02
2.674200000000000159e+02
2.675500000000000114e+02
2.676100000000000136e+02
2.676700000000000159e+02
2.676999999999999886e+02
2.677300000000000182e+02
2.677699999999999818e+02
2.678600000000000136e+02
2.677300000000000182e+02
2.675799999999999841e+02
2.676499999999999773e+02
2.676999999999999886e+02
2.678000000000000114e+02
2.677900000000000205e+02
2.677599999999999909e+02
2.677699999999999818e+02
2.677900000000000205e+02
2.678100000000000023e+02
2.679100000000000250e+02
2.681999999999999886e+02
2.682400000000000091e+02
2.682099999999999795e+02
2.684599999999999795e+02
2.682200000000000273e+02
2.683899999999999864e+02
2.683899999999999864e+02
2.683700000000000045e+02
2.684499999999999886e+02
2.684300000000000068e+02
2.685600000000000023e+02
2.686000000000000227e+02
2.686200000000000045e+02
2.685299999999999727e+02
2.686899999999999977e+02
2.686999999999999886e+02
2.686000000000000227e+02
2.686399999999999864e+02
2.685600000000000023e+02
2.685400000000000205e+02
2.685799999999999841e+02
2.685400000000000205e+02
2.683799999999999955e+02
2.681200000000000045e+02
2.679599999999999795e+02
2.680600000000000023e+02
2.678999999999999773e+02
2.679399999999999977e+02
2.678399999999999750e+02
2.679599999999999795e+02
2.679100000000000250e+02
2.677900000000000205e+02
2.677500000000000000e+02
2.676600000000000250e+02
2.677799999999999727e+02
2.677400000000000091e+02
2.675500000000000114e+02
2.673600000000000136e+02
2.675099999999999909e+02
2.673700000000000045e+02
2.673600000000000136e+02
2.671999999999999886e+02
2.672200000000000273e+02
2.672900000000000205e+02
2.669599999999999795e+02
2.669800000000000182e+02
2.668100000000000023e+02
2.669300000000000068e+02
2.669900000000000091e+02
2.667599999999999909e+02
2.666899999999999977e+02
2.667300000000000182e+02
2.669100000000000250e+02
2.668799999999999955e+02
2.667900000000000205e+02
2.666999999999999886e+02
2.667099999999999795e+02
2.667699999999999818e+02
2.666800000000000068e+02
2.667200000000000273e+02
2.666999999999999886e+02
2.666499999999999773e+02
2.666700000000000159e+02
2.668600000000000136e+02
2.669800000000000182e+02
2.669900000000000091e+02
2.669599999999999795e+02
2.667200000000000273e+02
2.665500000000000114e+02
2.668000000000000114e+02
2.669300000000000068e+02
2.670099999999999909e+02
2.669800000000000182e+02
2.669100000000000250e+02
2.670199999999999818e+02
2.669599999999999795e+02
2.668500000000000227e+02
2.667599999999999909e+02
2.668799999999999955e+02
2.668399999999999750e+02
2.667900000000000205e+02
2.667099999999999795e+02
2.666999999999999886e+02
2.668399999999999750e+02
2.668500000000000227e+02
2.669800000000000182e+02
2.668500000000000227e+02
2.668399999999999750e+02
2.671399999999999864e+02
2.670699999999999932e+02
2.670400000000000205e+02
2.670600000000000023e+02
2.670199999999999818e+02
2.673399999999999750e+02
2.673399999999999750e+02
2.671399999999999864e+02
2.670000000000000000e+02
2.669800000000000182e+02
2.668899999999999864e+02
2.670299999999999727e+02
2.668899999999999864e+02
2.668500000000000227e+02
2.669800000000000182e+02
2.671399999999999864e+02
2.670400000000000205e+02
2.671299999999999955e+02
2.669900000000000091e+02
2.670699999999999932e+02
2.668799999999999955e+02
2.670299999999999727e+02
2.669599999999999795e+02
2.670099999999999909e+02
2.669300000000000068e+02
2.668600000000000136e+02
2.668100000000000023e+02
2.668299999999999841e+02
2.669200000000000159e+02
2.669100000000000250e+02
2.669499999999999886e+02
2.669800000000000182e+02
2.671600000000000250e+02
2.672099999999999795e+02
2.669200000000000159e+02
2.669300000000000068e+02
2.669100000000000250e+02
2.669499999999999886e+02
2.670600000000000023e+02
2.669900000000000091e+02
2.667699999999999818e+02
2.668399999999999750e+02
2.667900000000000205e+02
2.667599999999999909e+02
2.669599999999999795e+02
2.668500000000000227e+02
2.668199999999999932e+02
2.668799999999999955e+02
2.669900000000000091e+02
2.671200000000000045e+02
2.670799999999999841e+02
2.670099999999999909e+02
2.669200000000000159e+02
2.670600000000000023e+02
2.667799999999999727e+02
2.670199999999999818e+02
2.670299999999999727e+02
2.668299999999999841e+02
2.668500000000000227e+02
2.667799999999999727e+02
2.666600000000000250e+02
2.666499999999999773e+02
2.665899999999999750e+02
2.667699999999999818e+02
2.668600000000000136e+02
2.668600000000000136e+02
2.670699999999999932e+02
2.668700000000000045e+02
2.667900000000000205e+02
2.669599999999999795e+02
2.668600000000000136e+02
2.668799999999999955e+02
2.668700000000000045e+02
2.669100000000000250e+02
2.667500000000000000e+02
2.666999999999999886e+02
2.668000000000000114e+02
2.667500000000000000e+02
2.669900000000000091e+02
2.668600000000000136e+02
2.668700000000000045e+02
2.667200000000000273e+02
2.669200000000000159e+02
2.668299999999999841e+02
2.668999999999999773e+02
2.669399999999999977e+02
2.669399999999999977e+02
2.669599999999999795e+02
2.666700000000000159e+02
2.667099999999999795e+02
2.668000000000000114e+02
2.669399999999999977e+02
2.669800000000000182e+02
2.670400000000000205e+02
2.669300000000000068e+02
2.668700000000000045e+02
2.666999999999999886e+02
2.667099999999999795e+02
2.668199999999999932e+02
2.670799999999999841e+02
2.668000000000000114e+02
2.668000000000000114e+02
2.668899999999999864e+02
2.668600000000000136e+02
2.670099999999999909e+02
2.672400000000000091e+02
2.669200000000000159e+02
2.669599999999999795e+02
2.667099999999999795e+02
2.670199999999999818e+02
2.669200000000000159e+02
2.670699999999999932e+02
2.671600000000000250e+02
2.672400000000000091e+02
2.672699999999999818e+02
2.672900000000000205e+02
2.672599999999999909e+02
2.672599999999999909e+02
2.673999999999999773e+02
2.674900000000000091e+02
2.671700000000000159e+02
2.675299999999999727e+02
2.675000000000000000e+02
2.674599999999999795e+02
2.674300000000000068e+02
2.675400000000000205e+02
2.676499999999999773e+02
2.673399999999999750e+02
2.674100000000000250e+02
2.675400000000000205e+02
2.674700000000000273e+02
2.677099999999999795e+02
2.676499999999999773e+02
2.676700000000000159e+02
2.677400000000000091e+02
2.678100000000000023e+02
2.676800000000000068e+02
2.677799999999999727e+02
2.680299999999999727e+02
2.678000000000000114e+02
2.681800000000000068e+02
2.682500000000000000e+02
2.681499999999999773e+02
2.681399999999999864e+02
2.683100000000000023e+02
2.683100000000000023e+02
2.683399999999999750e+02
2.682400000000000091e+02
2.684900000000000091e+02
2.684800000000000182e+02
2.683500000000000227e+02
2.683899999999999864e+02
2.683500000000000227e+02
2.685600000000000023e+02
2.684300000000000068e+02
2.684399999999999977e+02
2.681100000000000136e+02
2.679399999999999977e+02
2.680299999999999727e+02
2.680699999999999932e+02
2.681499999999999773e+02
2.681899999999999977e+02
2.680500000000000114e+02
2.681100000000000136e+02
2.678899999999999864e+02
2.676700000000000159e+02
2.678199999999999932e+02
2.676600000000000250e+02
2.675500000000000114e+02
2.674700000000000273e+02
2.674599999999999795e+02
2.675699999999999932e+02
2.673399999999999750e+02
2.670400000000000205e+02
2.673600000000000136e+02
2.673700000000000045e+02
2.670600000000000023e+02
2.672500000000000000e+02
2.673700000000000045e+02
2.672900000000000205e+02
2.672400000000000091e+02
2.672599999999999909e+02
2.672699999999999818e+02
2.669300000000000068e+02
2.668399999999999750e+02
2.668000000000000114e+02
2.669700000000000273e+02
2.668600000000000136e+02
2.668700000000000045e+02
2.667699999999999818e+02
2.667599999999999909e+02
2.667200000000000273e+02
2.667500000000000000e+02
2.669300000000000068e+02
2.668500000000000227e+02
2.667200000000000273e+02
2.669399999999999977e+02
2.666299999999999955e+02
2.665500000000000114e+02
2.667200000000000273e+02
2.666499999999999773e+02
2.667799999999999727e+02
2.668999999999999773e+02
2.669700000000000273e+02
2.668600000000000136e+02
2.668500000000000227e+02
2.670600000000000023e+02
2.670299999999999727e+02
2.669300000000000068e+02
2.669800000000000182e+02
2.668399999999999750e+02
2.666399999999999864e+02
2.666899999999999977e+02
2.667699999999999818e+02
2.669100000000000250e+02
2.669800000000000182e+02
2.669700000000000273e+02
2.669599999999999795e+02
2.671100000000000136e+02
2.670299999999999727e+02
2.671399999999999864e+02
2.668799999999999955e+02
2.668500000000000227e+02
2.667500000000000000e+02
2.668000000000000114e+02
2.667900000000000205e+02
2.668399999999999750e+02
2.669499999999999886e+02
2.667500000000000000e+02
2.668399999999999750e+02
2.668399999999999750e+02
2.668299999999999841e+02
2.669300000000000068e+02
