1.293438942833099015e+00
1.293406376301430294e+00
1.293438942833099015e+00
1.293471509217989368e+00
1.293504075456098690e+00
1.293601773289698720e+00
1.293666904444789711e+00
1.293797164993296445e+00
1.293862294386652900e+00
1.293992551411424552e+00
1.294057679042780462e+00
1.294187932543285235e+00
1.294253058412374591e+00
1.294350746114472317e+00
1.294415870514803224e+00
1.294546117552769493e+00
1.294611240190346235e+00
1.294708923044869398e+00
1.294741483702537943e+00
1.294904284786920767e+00
1.294936844562979195e+00
1.295067082197697728e+00
1.295099641238979915e+00
1.295229875934407193e+00
1.295262434240820548e+00
1.295425223568039463e+00
1.295457780992488095e+00
1.295588009220175030e+00
1.295620565909551436e+00
1.295750791196765173e+00
1.295815902958144861e+00
1.295913569497347817e+00
1.295946124716302883e+00
1.296108898605067949e+00
1.296141452941592664e+00
1.296271668816809441e+00
1.296304222417874463e+00
1.296466988216578908e+00
1.296499540934969774e+00
1.296597198207376511e+00
1.296662302319972149e+00
1.296727405843992598e+00
1.296857611126191356e+00
1.296922712884309936e+00
1.297020364417679206e+00
1.297118014626389204e+00
1.297183114029558437e+00
1.297313311069432817e+00
1.297345859961366754e+00
1.297410957303566814e+00
1.297573698082501004e+00
1.297638793363370180e+00
1.297736435180256054e+00
1.297866622207701548e+00
1.297899168596371222e+00
1.298029352678171433e+00
1.298061898330383768e+00
1.298224624381832948e+00
1.298257169150174528e+00
1.298354802571236366e+00
1.298419890781937980e+00
1.298550065435193801e+00
1.298615151877688723e+00
1.298712780436181768e+00
1.298777865404968201e+00
1.298875491752759848e+00
1.298973116773997738e+00
1.299070740468581731e+00
1.299135822194559031e+00
1.299233443677832556e+00
1.299298523929510063e+00
1.299396143201195786e+00
1.299428682663521295e+00
1.299623916340734819e+00
1.299656454770779401e+00
1.299754069175997007e+00
1.299819144708675545e+00
1.299916756901418946e+00
1.300014367766545442e+00
1.300111977303954669e+00
1.300144513521359180e+00
1.300307192395223632e+00
1.300339727727339412e+00
1.300437332838305426e+00
1.300502402174428473e+00
1.300632539075690985e+00
1.300697606640771387e+00
1.300762673615445175e+00
1.300827739999682819e+00
1.300990403376925286e+00
1.301055467694404166e+00
1.301153063063296145e+00
1.301185594557624947e+00
1.301348249814340718e+00
1.301413310883324348e+00
1.301478371361576292e+00
1.301543431249067684e+00
1.301673549251649131e+00
1.301738607366680123e+00
1.301868721824075426e+00
1.301901250069097182e+00
1.301998833917718423e+00
1.302096416436595572e+00
1.302193997625629596e+00
1.302226524393102602e+00
1.302356629985207404e+00
1.302421681894535332e+00
1.302551783939593699e+00
1.302616834075265073e+00
1.302681883619658976e+00
1.302746932572745653e+00
1.302877028704878981e+00
1.302909552368299195e+00
1.303072168467536152e+00
1.303104691243784918e+00
1.303202258685267845e+00
1.303267302906833125e+00
1.303397389575216003e+00
1.303462432021973871e+00
1.303559994582735859e+00
1.303592515140475250e+00
1.303755115710145684e+00
1.303787635380248888e+00
1.303917712581101673e+00
1.303982750293740001e+00
1.304112823943294641e+00
1.304145341985719408e+00
1.304242895225021792e+00
1.304275412675452994e+00
1.304437997707420305e+00
1.304470514269749915e+00
1.304600579038734720e+00
1.304633094860878861e+00
1.304795671750801800e+00
1.304828186684600988e+00
1.304925730597561673e+00
1.304990759132467648e+00
1.305088300824151393e+00
1.305153327878113778e+00
1.305283380208722033e+00
1.305348405485308616e+00
1.305478454260899257e+00
1.305510966084445723e+00
1.305673522979886592e+00
1.305673522979886592e+00
1.305836076171169591e+00
1.305868586364886674e+00
1.305998625657833756e+00
1.306031135110572006e+00
1.306161171439418123e+00
1.306226188714526337e+00
1.306323713515461504e+00
1.306356221485964531e+00
1.306551266195734806e+00
1.306583773128454196e+00
1.306648786549080121e+00
1.306746305567932698e+00
1.306843823252192616e+00
1.306908834300209765e+00
1.306973844755001002e+00
1.307071359324824877e+00
1.307201376674690163e+00
1.307233880641316404e+00
1.307331391651120667e+00
1.307461404253879911e+00
1.307526409665059397e+00
1.307591414482732528e+00
1.307656418706869550e+00
1.307786425374418471e+00
1.307851427817771528e+00
1.307948930369690732e+00
1.307981430923486066e+00
1.308143931465967302e+00
1.308176431129138173e+00
1.308338927218164915e+00
1.308371425990578540e+00
1.308468921416970243e+00
1.308598913240039296e+00
1.308631410824570018e+00
1.308793896519620858e+00
1.308858889758024224e+00
1.308923882402316163e+00
1.308988874452467810e+00
1.309118856770230988e+00
1.309151351978287803e+00
1.309281331324868569e+00
1.309346320106719475e+00
1.309411308294238019e+00
1.309541282886159896e+00
1.309638762269759393e+00
1.309671255100398390e+00
1.309736240315812594e+00
1.309833717024219579e+00
1.309898700753305167e+00
1.310028666427697219e+00
1.310126139122568700e+00
1.310191120175798085e+00
1.310353570206925111e+00
1.310386059767072897e+00
1.310483527555295513e+00
1.310516016520617333e+00
1.310678459116413341e+00
1.310710947189384745e+00
1.310873385323098050e+00
1.310905872503586256e+00
1.311035819737901731e+00
1.311068306174552944e+00
1.311198250433335266e+00
1.311263221669981993e+00
1.311393162357637809e+00
1.311425647157522523e+00
1.311555584868834723e+00
1.311620552831502584e+00
1.311718003659186449e+00
1.311782970133387183e+00
1.311880418728232467e+00
1.311912901295444467e+00
1.312075311898315721e+00
1.312140275097240405e+00
1.312270199708258867e+00
1.312335161120293581e+00
1.312400121936639241e+00
1.312530041782145052e+00
1.312595000811246804e+00
1.312659959244541152e+00
1.312789874323591288e+00
1.312854830969287789e+00
1.312919787019059870e+00
1.313017219976293504e+00
1.313114651592530491e+00
1.313179605258307792e+00
1.313277034639328322e+00
1.313309510801615509e+00
1.313471889377483937e+00
