2.725899999999999750e+02
2.726000000000000227e+02
2.726999999999999886e+02
2.728199999999999932e+02
2.728000000000000114e+02
2.727300000000000182e+02
2.725500000000000114e+02
2.726100000000000136e+02
2.723700000000000045e+02
2.725899999999999750e+02
2.725199999999999818e+02
2.723899999999999864e+02
2.724700000000000273e+02
2.727500000000000000e+02
2.726200000000000045e+02
2.727200000000000273e+02
2.725899999999999750e+02
2.727099999999999795e+02
2.727099999999999795e+02
2.727500000000000000e+02
2.728399999999999750e+02
2.726600000000000250e+02
2.729100000000000250e+02
2.729900000000000091e+02
2.731299999999999955e+02
2.731700000000000159e+02
2.735099999999999909e+02
2.734900000000000091e+02
2.736700000000000159e+02
2.736499999999999773e+02
2.737699999999999818e+02
2.741200000000000045e+02
2.743899999999999864e+02
2.747099999999999795e+02
2.750699999999999932e+02
2.753399999999999750e+02
2.753799999999999955e+02
2.760099999999999909e+02
2.763000000000000114e+02
2.778100000000000023e+02
2.785699999999999932e+02
2.800099999999999909e+02
2.807900000000000205e+02
2.833299999999999841e+02
2.838399999999999750e+02
2.869200000000000159e+02
2.880500000000000114e+02
2.926499999999999773e+02
2.946499999999999773e+02
3.009499999999999886e+02
3.061399999999999864e+02
3.181999999999999886e+02
3.224300000000000068e+02
3.304200000000000159e+02
3.330500000000000114e+02
3.465400000000000205e+02
3.485899999999999750e+02
3.573100000000000023e+02
3.599399999999999977e+02
3.682300000000000182e+02
3.701399999999999864e+02
3.724800000000000182e+02
3.746899999999999977e+02
3.763100000000000023e+02
3.776800000000000068e+02
3.790099999999999909e+02
3.798799999999999955e+02
3.802799999999999727e+02
3.803399999999999750e+02
3.806899999999999977e+02
3.810500000000000114e+02
3.818199999999999932e+02
3.828199999999999932e+02
3.849300000000000068e+02
3.860400000000000205e+02
3.889399999999999977e+02
3.898700000000000045e+02
3.914900000000000091e+02
3.919100000000000250e+02
3.929399999999999977e+02
3.933299999999999841e+02
3.946299999999999955e+02
3.979300000000000068e+02
4.008999999999999773e+02
4.039200000000000159e+02
4.068899999999999864e+02
4.076299999999999955e+02
4.055500000000000114e+02
4.008999999999999773e+02
3.928899999999999864e+02
3.834100000000000250e+02
3.675799999999999841e+02
3.571800000000000068e+02
3.431700000000000159e+02
3.351700000000000159e+02
3.129200000000000159e+02
3.083000000000000114e+02
2.961000000000000227e+02
2.907599999999999909e+02
2.848199999999999932e+02
2.812599999999999909e+02
2.785799999999999841e+02
2.763500000000000227e+02
2.741800000000000068e+02
2.737900000000000205e+02
2.729900000000000091e+02
2.730099999999999909e+02
2.728600000000000136e+02
2.726899999999999977e+02
2.726000000000000227e+02
2.725400000000000205e+02
2.724800000000000182e+02
2.722599999999999909e+02
2.722900000000000205e+02
2.723799999999999955e+02
2.723899999999999864e+02
2.724100000000000250e+02
2.723500000000000227e+02
2.722500000000000000e+02
2.722200000000000273e+02
