2.777900000000000205e+02
2.779100000000000250e+02
2.779599999999999795e+02
2.778999999999999773e+02
2.779499999999999886e+02
2.780600000000000023e+02
2.780199999999999818e+02
2.781200000000000045e+02
2.783399999999999750e+02
2.783199999999999932e+02
2.783100000000000023e+02
2.780699999999999932e+02
2.780699999999999932e+02
2.780299999999999727e+02
2.779399999999999977e+02
2.777900000000000205e+02
2.779700000000000273e+02
2.778199999999999932e+02
2.780199999999999818e+02
2.781600000000000250e+02
2.780199999999999818e+02
2.778700000000000045e+02
2.779599999999999795e+02
2.780400000000000205e+02
2.780199999999999818e+02
2.780799999999999841e+02
2.780000000000000000e+02
2.779700000000000273e+02
2.780500000000000114e+02
2.781499999999999773e+02
2.781600000000000250e+02
2.780199999999999818e+02
2.779800000000000182e+02
2.783700000000000045e+02
2.783100000000000023e+02
2.785299999999999727e+02
2.785699999999999932e+02
2.788600000000000136e+02
2.793600000000000136e+02
2.793799999999999955e+02
2.796000000000000227e+02
2.800299999999999727e+02
2.803500000000000227e+02
2.808399999999999750e+02
2.813799999999999955e+02
2.823500000000000227e+02
2.835400000000000205e+02
2.845899999999999750e+02
2.867400000000000091e+02
2.879800000000000182e+02
2.903899999999999864e+02
2.925199999999999818e+02
2.942400000000000091e+02
2.953899999999999864e+02
2.964399999999999977e+02
2.982900000000000205e+02
2.991999999999999886e+02
3.000199999999999818e+02
3.008199999999999932e+02
3.017900000000000205e+02
3.022900000000000205e+02
3.038299999999999841e+02
3.044100000000000250e+02
3.059499999999999886e+02
3.069700000000000273e+02
3.086100000000000136e+02
3.101700000000000159e+02
3.120299999999999727e+02
3.134599999999999795e+02
3.143600000000000136e+02
3.169399999999999977e+02
3.181899999999999977e+02
3.196999999999999886e+02
3.208299999999999841e+02
3.218000000000000114e+02
3.231899999999999977e+02
3.246100000000000136e+02
3.263899999999999864e+02
3.288899999999999864e+02
3.298799999999999955e+02
3.322400000000000091e+02
3.325799999999999841e+02
3.329200000000000159e+02
3.320500000000000114e+02
3.306299999999999955e+02
3.281600000000000250e+02
3.258299999999999841e+02
3.206399999999999864e+02
3.169399999999999977e+02
3.111600000000000250e+02
3.088700000000000045e+02
3.013700000000000045e+02
2.992500000000000000e+02
2.957699999999999818e+02
2.925600000000000023e+02
2.893500000000000227e+02
2.859900000000000091e+02
2.843700000000000045e+02
2.816299999999999955e+02
2.808999999999999773e+02
2.798299999999999841e+02
2.793399999999999750e+02
2.786899999999999977e+02
2.783700000000000045e+02
2.779499999999999886e+02
2.780199999999999818e+02
2.780000000000000000e+02
2.777200000000000273e+02
2.775400000000000205e+02
2.777500000000000000e+02
2.776399999999999864e+02
2.776999999999999886e+02
2.777500000000000000e+02
2.776100000000000136e+02
2.777799999999999727e+02
2.778500000000000227e+02
2.776200000000000045e+02
2.775899999999999750e+02
2.778700000000000045e+02
2.780600000000000023e+02
2.780199999999999818e+02
2.779100000000000250e+02
2.778199999999999932e+02
2.778399999999999750e+02
2.776600000000000250e+02
2.776999999999999886e+02
2.778399999999999750e+02
2.778600000000000136e+02
2.779399999999999977e+02
2.779200000000000159e+02
2.778500000000000227e+02
2.777599999999999909e+02
2.778199999999999932e+02
2.781399999999999864e+02
2.781100000000000136e+02
2.780000000000000000e+02
2.778500000000000227e+02
2.778100000000000023e+02
2.776899999999999977e+02
2.779200000000000159e+02
2.779200000000000159e+02
2.780099999999999909e+02
2.780299999999999727e+02
2.780899999999999750e+02
2.780500000000000114e+02
2.778600000000000136e+02
2.779700000000000273e+02
2.779700000000000273e+02
2.779599999999999795e+02
2.780400000000000205e+02
2.780500000000000114e+02
2.779300000000000068e+02
2.780799999999999841e+02
2.778799999999999955e+02
2.779399999999999977e+02
2.780500000000000114e+02
2.780699999999999932e+02
2.780799999999999841e+02
2.779800000000000182e+02
2.782400000000000091e+02
2.780699999999999932e+02
2.781100000000000136e+02
2.778999999999999773e+02
2.778299999999999841e+02
2.776200000000000045e+02
2.778899999999999864e+02
2.779200000000000159e+02
2.778000000000000114e+02
2.779100000000000250e+02
2.778799999999999955e+02
2.778100000000000023e+02
2.779399999999999977e+02
2.780699999999999932e+02
2.781399999999999864e+02
2.782200000000000273e+02
2.780099999999999909e+02
2.777599999999999909e+02
2.778899999999999864e+02
2.778100000000000023e+02
2.777900000000000205e+02
2.778700000000000045e+02
