1.292247658557042822e+00
1.292215122985657993e+00
1.292247658557042822e+00
1.292280193981784953e+00
1.292312729259880610e+00
1.292442868905725462e+00
1.292507937848673460e+00
1.292573006204932096e+00
1.292670607639212932e+00
1.292768207753277387e+00
1.292898339184853640e+00
1.292963404020356810e+00
1.293093531930646245e+00
1.293158595005373446e+00
1.293223657493115963e+00
1.293321250124069177e+00
1.293353780707529266e+00
1.293581490682031987e+00
1.293614020091242711e+00
1.293711607438072786e+00
1.293776664935254450e+00
1.293874250079896093e+00
1.293971833903091673e+00
1.294004361550484816e+00
1.294069416404741490e+00
1.294232050970452352e+00
1.294264577443005271e+00
1.294427207602622421e+00
1.294459733193890516e+00
1.294557309086316943e+00
1.294622358946749596e+00
1.294719932635547854e+00
1.294784981026802839e+00
1.294915076046115443e+00
1.294980122674113776e+00
1.295077691513955909e+00
1.295175259031122517e+00
1.295240303307698460e+00
1.295337868620185295e+00
1.295402911426882131e+00
1.295435432609731263e+00
1.295630556619602247e+00
1.295663076773342137e+00
1.295793155917962292e+00
1.295825675336513605e+00
1.295955751540195156e+00
1.296053307148802070e+00
1.296085825390859592e+00
1.296183379234548960e+00
1.296280931754433707e+00
1.296378482950414357e+00
1.296443516345516800e+00
1.296573581370265460e+00
1.296638612999852835e+00
1.296768674493304907e+00
1.296801189498787643e+00
1.296931248049087326e+00
1.296963762318735780e+00
1.297126331459235615e+00
1.297158844845760939e+00
1.297256384122122741e+00
1.297321409570314055e+00
1.297451458700044968e+00
1.297483970614403681e+00
1.297614016799432779e+00
1.297646527977569741e+00
1.297809081659350383e+00
1.297874102101171268e+00
1.297939121953867403e+00
1.298004141217409035e+00
1.298134177976910664e+00
1.298199195472812040e+00
1.298296720611768595e+00
1.298394244424762256e+00
1.298491766911693768e+00
1.298556781166231078e+00
1.298686807906971108e+00
1.298719314223731880e+00
1.298816832289736212e+00
1.298914349029246296e+00
1.298946854314289467e+00
1.299076873980395286e+00
1.299174387182101320e+00
1.299271899056948509e+00
1.299304402720355966e+00
1.299434415899514139e+00
1.299564426719339139e+00
1.299564426719339139e+00
1.299661933285753745e+00
1.299759438524811239e+00
1.299856942436412366e+00
1.299921944306621224e+00
1.300051946276846060e+00
1.300116946376802751e+00
1.300214445420210696e+00
1.300246944806257909e+00
1.300376940874905296e+00
1.300506934582508212e+00
1.300539432640468229e+00
1.300636925928831067e+00
1.300734417888841143e+00
1.300799411790825033e+00
1.300896901536692685e+00
1.300961893962488958e+00
1.301059381493937295e+00
1.301156867696601216e+00
1.301286847232983490e+00
1.301319341747916969e+00
1.301449318330891725e+00
1.301481812107427416e+00
1.301611785736626503e+00
1.301676771665008836e+00
1.301774249449726639e+00
1.301839233900925930e+00
1.301969201030520162e+00
1.302034183708856485e+00
1.302131656618201738e+00
1.302196637818949565e+00
1.302326598447154593e+00
1.302359088234748885e+00
1.302456556710775759e+00
1.302554023856591137e+00
1.302651489672096208e+00
1.302716466143321927e+00
1.302846417311774863e+00
1.302878904734283694e+00
1.302976366114700468e+00
1.303041339629016360e+00
1.303171284883207548e+00
1.303236256623023781e+00
1.303333713123566051e+00
1.303366198327950087e+00
1.303496137666404930e+00
1.303561106448131612e+00
1.303691042236436504e+00
1.303723525813668571e+00
1.303820975657680181e+00
1.303918424170086743e+00
1.303983389105195290e+00
1.304113317199688149e+00
1.304178280359013842e+00
1.304243242926352853e+00
1.304405646754566162e+00
1.304405646754566162e+00
1.304535567152755204e+00
1.304633005897019471e+00
1.304697964319627479e+00
1.304795400843113296e+00
1.304892836033999082e+00
1.304957792087540369e+00
1.305055225057204948e+00
1.305120179629840393e+00
1.305217610378007764e+00
1.305315039793143894e+00
1.305379991995946121e+00
1.305509894623924971e+00
1.305574845049042754e+00
1.305639794881539917e+00
1.305704744121387373e+00
1.305802166869875380e+00
1.305867114627969006e+00
1.306029481429843653e+00
1.306061954345613341e+00
1.306191844526550794e+00
1.306224316701231736e+00
1.306354203917630130e+00
1.306386675351129956e+00
1.306516559602620475e+00
1.306549030294847480e+00
1.306711381531923566e+00
1.306743851334500883e+00
1.306841259852492998e+00
1.306938667035795199e+00
1.307068541203842749e+00
1.307101009375052358e+00
1.307198412998696879e+00
1.307230880576571108e+00
1.307393216240723577e+00
1.307425682928484489e+00
1.307555548195839634e+00
1.307620479939252789e+00
1.307717876441458760e+00
1.307847736366806846e+00
1.307880200977120433e+00
1.307912665439017186e+00
1.308074985522122313e+00
1.308107449093441677e+00
1.308269764723326567e+00
1.308302227403935758e+00
1.308432076641688813e+00
1.308497000369703844e+00
1.308561923503771984e+00
1.308626846043864145e+00
1.308789149795254181e+00
1.308821610099987209e+00
1.308951449833647862e+00
1.309016368809263309e+00
1.309113746158584446e+00
1.309211122170895525e+00
1.309276038769603412e+00
1.309308496846096626e+00
1.309470784999807291e+00
1.309503242184772542e+00
1.309633069438587150e+00
1.309665525880510994e+00
1.309860261410919824e+00
1.309892716812430802e+00
1.309990082125079613e+00
1.310087446099822861e+00
1.310152354672988517e+00
1.310282170035195870e+00
1.310314623504033715e+00
1.310444435892418324e+00
1.310476888617754243e+00
1.310606698031948181e+00
1.310671601846703060e+00
1.310736505066524060e+00
1.310866309721246292e+00
1.310931211156088683e+00
1.311028562192620983e+00
1.311093462139778953e+00
1.311158361491810975e+00
1.311288158410381710e+00
1.311353055976860915e+00
1.311515297288805559e+00
1.311547745104721718e+00
1.311677534880019591e+00
1.311709981951734161e+00
1.311807322273755627e+00
1.311872215077464210e+00
1.311969553166494773e+00
1.312066889915598278e+00
1.312131780337214559e+00
1.312229114852885736e+00
1.292215122985657993e+00
1.292215122985657993e+00
1.292247658557042822e+00
1.292247658557042822e+00
1.292280193981784953e+00
1.292442868905725462e+00
1.292507937848673460e+00
1.292605540163043409e+00
1.292670607639212932e+00
1.292833273762483692e+00
1.292865806547025098e+00
1.293028468268964337e+00
1.293061000173172825e+00
1.293191126322619677e+00
1.293223657493115963e+00
1.293321250124069177e+00
1.293386311144221201e+00
1.293548961126027352e+00
1.293646549353655306e+00
1.293679078469266885e+00
1.293809193463623108e+00
1.293841721845171433e+00
1.293939306108859988e+00
1.294004361550484816e+00
1.294101943611597472e+00
1.294232050970452352e+00
1.294264577443005271e+00
1.294394681864464491e+00
1.294459733193890516e+00
1.294589834089987512e+00
1.294622358946749596e+00
1.294719932635547854e+00
1.294752456904638693e+00
1.294915076046115443e+00
1.294980122674113776e+00
1.295077691513955909e+00
1.295142736672370232e+00
1.295240303307698460e+00
1.295337868620185295e+00
1.295402911426882131e+00
1.295435432609731263e+00
1.295630556619602247e+00
1.295663076773342137e+00
1.295793155917962292e+00
1.295825675336513605e+00
1.295955751540195156e+00
1.296020788759669307e+00
1.296150861433736923e+00
1.296183379234548960e+00
1.296313448966865955e+00
1.296378482950414357e+00
1.296443516345516800e+00
1.296573581370265460e+00
1.296638612999852835e+00
1.296768674493304907e+00
1.296801189498787643e+00
1.296931248049087326e+00
1.296963762318735780e+00
1.297093817925513592e+00
1.297158844845760939e+00
1.297256384122122741e+00
1.297321409570314055e+00
1.297451458700044968e+00
1.297483970614403681e+00
1.297614016799432779e+00
1.297679039008451385e+00
1.297776571217527097e+00
1.297874102101171268e+00
1.297939121953867403e+00
1.298004141217409035e+00
1.298166686798518654e+00
1.298199195472812040e+00
1.298296720611768595e+00
1.298394244424762256e+00
1.298491766911693768e+00
1.298556781166231078e+00
1.298686807906971108e+00
1.298719314223731880e+00
1.298816832289736212e+00
1.298914349029246296e+00
1.298979359451929438e+00
1.299076873980395286e+00
1.299174387182101320e+00
1.299271899056948509e+00
1.299336906236320033e+00
1.299401912825902672e+00
1.299499421604357829e+00
1.299564426719339139e+00
1.299694435179595153e+00
1.299759438524811239e+00
1.299889443445271686e+00
1.299921944306621224e+00
1.300051946276846060e+00
1.300116946376802751e+00
1.300214445420210696e+00
1.300279444044754928e+00
1.300376940874905296e+00
1.300506934582508212e+00
1.300539432640468229e+00
1.300636925928831067e+00
1.300734417888841143e+00
1.300831908520398983e+00
1.300896901536692685e+00
1.300961893962488958e+00
1.301091877042472866e+00
1.301124372443362098e+00
1.301286847232983490e+00
1.301319341747916969e+00
1.301449318330891725e+00
1.301481812107427416e+00
1.301611785736626503e+00
1.301676771665008836e+00
1.301774249449726639e+00
1.301839233900925930e+00
1.302001692443563341e+00
1.302001692443563341e+00
1.302164147292459884e+00
1.302196637818949565e+00
1.302326598447154593e+00
1.302359088234748885e+00
1.302456556710775759e+00
1.302521534955793259e+00
1.302651489672096208e+00
1.302683977981622387e+00
1.302846417311774863e+00
1.302878904734283694e+00
1.303008852945790386e+00
1.303041339629016360e+00
1.303171284883207548e+00
1.303236256623023781e+00
1.303333713123566051e+00
1.303366198327950087e+00
1.303496137666404930e+00
1.303593590617107001e+00
1.303658558511262999e+00
1.303723525813668571e+00
1.303820975657680181e+00
1.303918424170086743e+00
1.303983389105195290e+00
1.304080835398039317e+00
1.304178280359013842e+00
1.304243242926352853e+00
1.304405646754566162e+00
1.304438127076156251e+00
1.304535567152755204e+00
1.304600526463641552e+00
1.304730443308850019e+00
1.304762922150012994e+00
1.304892836033999082e+00
1.304925314134810277e+00
1.305022747548741480e+00
1.305120179629840393e+00
1.305250086997839176e+00
1.305282563469552626e+00
1.305412467875149529e+00
1.305477419189142507e+00
1.305574845049042754e+00
1.305639794881539917e+00
1.305704744121387373e+00
1.305834640823014592e+00
1.305867114627969006e+00
1.305997008365867629e+00
1.306061954345613341e+00
1.306159372203645086e+00
1.306224316701231736e+00
1.306321732335886665e+00
1.306386675351129956e+00
1.306484088762131845e+00
1.306549030294847480e+00
1.306678911581061531e+00
1.306743851334500883e+00
1.306873729061897471e+00
1.306906198122999463e+00
1.307036072884308675e+00
1.307068541203842749e+00
1.307198412998696879e+00
1.307230880576571108e+00
1.307393216240723577e+00
1.307425682928484489e+00
1.307555548195839634e+00
1.307620479939252789e+00
1.307717876441458760e+00
1.307815271608080199e+00
1.307880200977120433e+00
1.307912665439017186e+00
1.308107449093441677e+00
1.308107449093441677e+00
1.308302227403935758e+00
1.308334689936079931e+00
1.308432076641688813e+00
1.308497000369703844e+00
1.308561923503771984e+00
1.308659307091159851e+00
1.308756689342001067e+00
1.308821610099987209e+00
1.308951449833647862e+00
1.309016368809263309e+00
1.309081287190695830e+00
1.309178663648687957e+00
1.309276038769603412e+00
1.309373412553342941e+00
1.309438327666244684e+00
1.309535699221136662e+00
1.309633069438587150e+00
1.309665525880510994e+00
1.309860261410919824e+00
1.309892716812430802e+00
1.309990082125079613e+00
1.310054991590237528e+00
1.310152354672988517e+00
1.310249716417668964e+00
1.310314623504033715e+00
1.310411983018374471e+00
1.310509341194379118e+00
1.310606698031948181e+00
1.310671601846703060e+00
1.310768956453325140e+00
1.310833858780689809e+00
1.310963661650367262e+00
1.310996111995879287e+00
1.311125911890187234e+00
1.311190810944645957e+00
1.311288158410381710e+00
1.311353055976860915e+00
1.311482849324060451e+00
1.311515297288805559e+00
1.311645087659457420e+00
1.311709981951734161e+00
1.311807322273755627e+00
1.311872215077464210e+00
1.311969553166494773e+00
1.312034444481450679e+00
1.312099335200854089e+00
1.312261559393627097e+00
