2.293273925781250000e+01
2.293273925781250000e+01
2.293334960937500000e+01
2.293395996093750000e+01
2.293457031250000000e+01
2.293701171875000000e+01
2.293823242187500000e+01
2.294006347656250000e+01
2.294128417968750000e+01
2.294433593750000000e+01
2.294494628906250000e+01
2.294738769531250000e+01
2.294799804687500000e+01
2.295104980468750000e+01
2.295227050781250000e+01
2.295410156250000000e+01
2.295471191406250000e+01
2.295715332031250000e+01
2.295898437500000000e+01
2.296020507812500000e+01
2.296264648437500000e+01
2.296325683593750000e+01
2.296447753906250000e+01
2.296691894531250000e+01
2.296752929687500000e+01
2.296997070312500000e+01
2.297119140625000000e+01
2.297363281250000000e+01
2.297546386718750000e+01
2.297607421875000000e+01
2.297851562500000000e+01
2.297912597656250000e+01
2.298095703125000000e+01
2.298278808593750000e+01
2.298400878906250000e+01
2.298645019531250000e+01
2.298767089843750000e+01
2.298950195312500000e+01
2.299072265625000000e+01
2.299255371093750000e+01
2.299316406250000000e+01
2.299682617187500000e+01
2.299804687500000000e+01
2.299926757812500000e+01
2.300170898437500000e+01
2.300231933593750000e+01
2.300415039062500000e+01
2.300598144531250000e+01
2.300659179687500000e+01
2.300964355468750000e+01
2.301025390625000000e+01
2.301330566406250000e+01
2.301391601562500000e+01
2.301574707031250000e+01
2.301757812500000000e+01
2.301879882812500000e+01
2.302001953125000000e+01
2.302246093750000000e+01
2.302490234375000000e+01
2.302551269531250000e+01
2.302734375000000000e+01
2.302856445312500000e+01
2.303161621093750000e+01
2.303222656250000000e+01
2.303405761718750000e+01
2.303466796875000000e+01
2.303771972656250000e+01
2.303833007812500000e+01
2.304077148437500000e+01
2.304138183593750000e+01
2.304382324218750000e+01
2.304504394531250000e+01
2.304748535156250000e+01
2.304870605468750000e+01
2.305053710937500000e+01
2.305175781250000000e+01
2.305419921875000000e+01
2.305419921875000000e+01
2.305725097656250000e+01
2.305786132812500000e+01
2.306091308593750000e+01
2.306152343750000000e+01
2.306396484375000000e+01
2.306457519531250000e+01
2.306640625000000000e+01
2.306762695312500000e+01
2.307006835937500000e+01
2.307067871093750000e+01
2.307312011718750000e+01
2.307434082031250000e+01
2.307617187500000000e+01
2.307800292968750000e+01
2.307983398437500000e+01
2.308105468750000000e+01
2.308349609375000000e+01
2.308410644531250000e+01
2.308593750000000000e+01
2.308837890625000000e+01
2.308959960937500000e+01
2.309082031250000000e+01
2.309265136718750000e+01
2.309448242187500000e+01
2.309570312500000000e+01
2.309692382812500000e+01
2.309936523437500000e+01
2.309997558593750000e+01
2.310241699218750000e+01
2.310363769531250000e+01
2.310607910156250000e+01
2.310668945312500000e+01
2.310913085937500000e+01
2.311035156250000000e+01
2.311157226562500000e+01
2.311401367187500000e+01
2.311523437500000000e+01
2.311645507812500000e+01
2.311889648437500000e+01
2.312011718750000000e+01
2.312255859375000000e+01
2.312316894531250000e+01
2.312438964843750000e+01
2.312683105468750000e+01
2.312744140625000000e+01
2.312988281250000000e+01
2.313171386718750000e+01
2.313354492187500000e+01
2.313476562500000000e+01
2.313598632812500000e+01
2.313842773437500000e+01
2.313903808593750000e+01
2.314086914062500000e+01
2.314208984375000000e+01
2.314453125000000000e+01
2.314636230468750000e+01
2.314697265625000000e+01
2.314941406250000000e+01
2.315063476562500000e+01
2.315246582031250000e+01
2.315490722656250000e+01
2.315551757812500000e+01
2.315673828125000000e+01
2.315856933593750000e+01
2.316101074218750000e+01
2.316223144531250000e+01
2.316406250000000000e+01
2.316528320312500000e+01
2.316833496093750000e+01
2.316894531250000000e+01
2.317138671875000000e+01
2.317199707031250000e+01
2.317382812500000000e+01
2.317504882812500000e+01
2.317749023437500000e+01
2.317871093750000000e+01
2.317993164062500000e+01
2.318115234375000000e+01
2.318298339843750000e+01
2.318481445312500000e+01
2.318603515625000000e+01
2.318786621093750000e+01
2.318908691406250000e+01
2.319152832031250000e+01
2.319213867187500000e+01
2.319519042968750000e+01
2.319580078125000000e+01
2.319824218750000000e+01
2.319885253906250000e+01
2.320129394531250000e+01
2.320190429687500000e+01
2.320434570312500000e+01
2.320495605468750000e+01
2.320800781250000000e+01
2.320922851562500000e+01
2.321105957031250000e+01
2.321166992187500000e+01
2.321411132812500000e+01
2.321472167968750000e+01
2.321777343750000000e+01
2.321838378906250000e+01
2.322082519531250000e+01
2.322265625000000000e+01
2.322387695312500000e+01
2.322570800781250000e+01
2.322692871093750000e+01
2.322753906250000000e+01
2.323059082031250000e+01
2.323181152343750000e+01
2.323364257812500000e+01
2.323486328125000000e+01
2.323730468750000000e+01
2.323852539062500000e+01
2.324035644531250000e+01
2.324096679687500000e+01
2.324340820312500000e+01
2.324462890625000000e+01
2.324645996093750000e+01
2.324707031250000000e+01
2.325073242187500000e+01
2.325134277343750000e+01
2.325317382812500000e+01
2.325561523437500000e+01
2.325622558593750000e+01
2.325805664062500000e+01
2.326049804687500000e+01
2.326171875000000000e+01
2.326293945312500000e+01
2.326538085937500000e+01
2.326599121093750000e+01
2.326782226562500000e+01
2.327026367187500000e+01
2.327148437500000000e+01
2.327270507812500000e+01
2.327514648437500000e+01
2.327575683593750000e+01
2.327819824218750000e+01
2.327880859375000000e+01
2.328186035156250000e+01
2.328247070312500000e+01
2.328491210937500000e+01
2.328552246093750000e+01
2.328857421875000000e+01
2.328918457031250000e+01
2.329162597656250000e+01
2.329223632812500000e+01
2.329528808593750000e+01
2.329589843750000000e+01
2.329833984375000000e+01
2.329895019531250000e+01
2.330139160156250000e+01
2.330200195312500000e+01
2.330444335937500000e+01
2.330505371093750000e+01
2.330810546875000000e+01
