1.543178768250806021e+00
1.543178768250806021e+00
1.543178768250806021e+00
1.543210028468448902e+00
1.543335067587767506e+00
1.543366326929766386e+00
1.543491362546332235e+00
1.543522621012598517e+00
1.543678910716502539e+00
1.543710168131772420e+00
1.543835196041034141e+00
1.543866452580376691e+00
1.544022732649076746e+00
1.544053988137189304e+00
1.544147753550207947e+00
1.544179008337429382e+00
1.544335279644991399e+00
1.544429040326564584e+00
1.544522799430797511e+00
1.544554052115005627e+00
1.544710312906860672e+00
1.544741564539370060e+00
1.544835318385111567e+00
1.544866569316418081e+00
1.545022821343233987e+00
1.545054071222629055e+00
1.545147819808815104e+00
1.545241566816927037e+00
1.545304063945579509e+00
1.545366560372795073e+00
1.545491551122800900e+00
1.545554045445534985e+00
1.545679031986321617e+00
1.545710278183022757e+00
1.545866506535375828e+00
1.545866506535375828e+00
1.545991486059663300e+00
1.546022730502150555e+00
1.546210193472693506e+00
1.546210193472693506e+00
1.546335165277193280e+00
1.546397650126599688e+00
1.546522617719583215e+00
1.546553859179093937e+00
1.546678823262090274e+00
1.546710063844059846e+00
1.546866264121054657e+00
1.546897503649858230e+00
1.547022460009635170e+00
1.547053698660702636e+00
1.547178651509358183e+00
1.547209889282600503e+00
1.547366075515109740e+00
1.547397312234845668e+00
1.547491021340458683e+00
1.547553493199502528e+00
1.547678434810187298e+00
1.547709669773795538e+00
1.547834607871869883e+00
1.547897075867042282e+00
1.548022009749516537e+00
1.548084475636761548e+00
1.548178173150058790e+00
1.548240637280502208e+00
1.548334332158464832e+00
1.548396794531929910e+00
1.548490486774291464e+00
1.548552947390601009e+00
1.548677866514455159e+00
1.548709095856072304e+00
1.548834011465048288e+00
1.548865239927901261e+00
1.549021379605644899e+00
1.549083834246298919e+00
1.549177514888859797e+00
1.549208741418120816e+00
1.549333645777103863e+00
1.549364871427317158e+00
1.549520997041010428e+00
1.549552221636249838e+00
1.549708341974755266e+00
1.549739565514893114e+00
1.549833235080116722e+00
1.549895680577572543e+00
1.550020569461890929e+00
1.550114234278249681e+00
1.550176676609635651e+00
1.550207897511461930e+00
1.550363999381786151e+00
1.550426438898406589e+00
1.550520096853773344e+00
1.550582534610934538e+00
1.550676189926980308e+00
1.550738625924505287e+00
1.550801061218126442e+00
1.550894712838675860e+00
1.550957146372412998e+00
1.551082011327848731e+00
1.551175658196280782e+00
1.551238088561780248e+00
1.551331732789775097e+00
1.551362947180358054e+00
1.551487802982186359e+00
1.551550229826748506e+00
1.551643868773072032e+00
1.551706293856900176e+00
1.551862353484906532e+00
1.551893564882211418e+00
1.551987198017469094e+00
1.552049619227058308e+00
1.552174459532711381e+00
1.552205669168786661e+00
1.552361714706951945e+00
1.552455339915957300e+00
1.552517755841112734e+00
1.552611378407502629e+00
1.552673792570826050e+00
1.552736206029366794e+00
1.552829824895649136e+00
1.552923442176011415e+00
1.552954647583689063e+00
1.553079467452089579e+00
1.553173080502864734e+00
1.553235488322126434e+00
1.553360301845508884e+00
1.553391504785679444e+00
1.553485112548515401e+00
1.553547516842306297e+00
1.553641121960773752e+00
1.553703524491564236e+00
1.553828327437367651e+00
1.553859527733010504e+00
1.554015526566203009e+00
1.554077924865069793e+00
1.554140322458516410e+00
1.554233917525962738e+00
1.554265115529037455e+00
1.554421102898698059e+00
1.554483496611829718e+00
1.554577085858511287e+00
1.554670673517488444e+00
1.554733064408034604e+00
1.554857844071947381e+00
1.554889038546825919e+00
1.554982620912764624e+00
1.555045008274442031e+00
1.555169780880192087e+00
1.555200973590440849e+00
1.555325742666578526e+00
1.555356934494380505e+00
1.555450508918771346e+00
1.555512890985817354e+00
1.555637653001668230e+00
1.555700032950416256e+00
1.555824790729415152e+00
1.555887168559609846e+00
1.555980733980691255e+00
1.556043110045230327e+00
1.556136672817694855e+00
1.556167860055344132e+00
1.556323793594638127e+00
1.556354979772681446e+00
1.556479722718686620e+00
1.556510908013627903e+00
1.556698016073900570e+00
1.556698016073900570e+00
1.556822751247750380e+00
1.556853934599555789e+00
1.556978666240041997e+00
1.557072213115235915e+00
1.557165758400176792e+00
1.557196939808418001e+00
1.557321663674257950e+00
1.557352844198919062e+00
1.557446384712529053e+00
1.557508744171255843e+00
1.557602282033754726e+00
1.557726996709168699e+00
1.557758174936108020e+00
1.557851708556277526e+00
1.557976417574855610e+00
