1.694702148437500000e+01
1.694702148437500000e+01
1.694763183593750000e+01
1.694763183593750000e+01
1.694824218750000000e+01
1.695068359375000000e+01
1.695129394531250000e+01
1.695495605468750000e+01
1.695556640625000000e+01
1.695800781250000000e+01
1.695922851562500000e+01
1.696105957031250000e+01
1.696289062500000000e+01
1.696411132812500000e+01
1.696594238281250000e+01
1.696716308593750000e+01
1.696899414062500000e+01
1.697021484375000000e+01
1.697204589843750000e+01
1.697448730468750000e+01
1.697570800781250000e+01
1.697692871093750000e+01
1.697937011718750000e+01
1.698059082031250000e+01
1.698303222656250000e+01
1.698425292968750000e+01
1.698608398437500000e+01
1.698730468750000000e+01
1.698974609375000000e+01
1.699035644531250000e+01
1.699218750000000000e+01
1.699340820312500000e+01
1.699584960937500000e+01
1.699645996093750000e+01
1.699951171875000000e+01
1.700012207031250000e+01
1.700195312500000000e+01
1.700317382812500000e+01
1.700439453125000000e+01
1.700622558593750000e+01
1.700744628906250000e+01
1.701049804687500000e+01
1.701110839843750000e+01
1.701416015625000000e+01
1.701477050781250000e+01
1.701599121093750000e+01
1.701721191406250000e+01
1.702087402343750000e+01
1.702148437500000000e+01
1.702331542968750000e+01
1.702392578125000000e+01
1.702697753906250000e+01
1.702819824218750000e+01
1.702941894531250000e+01
1.703186035156250000e+01
1.703308105468750000e+01
1.703552246093750000e+01
1.703613281250000000e+01
1.703918457031250000e+01
1.703918457031250000e+01
1.704101562500000000e+01
1.704223632812500000e+01
1.704467773437500000e+01
1.704528808593750000e+01
1.704833984375000000e+01
1.704895019531250000e+01
1.705200195312500000e+01
1.705200195312500000e+01
1.705444335937500000e+01
1.705505371093750000e+01
1.705871582031250000e+01
1.705932617187500000e+01
1.706176757812500000e+01
1.706237792968750000e+01
1.706359863281250000e+01
1.706542968750000000e+01
1.706726074218750000e+01
1.706848144531250000e+01
1.706970214843750000e+01
1.707214355468750000e+01
1.707397460937500000e+01
1.707580566406250000e+01
1.707763671875000000e+01
1.707885742187500000e+01
1.708129882812500000e+01
1.708251953125000000e+01
1.708435058593750000e+01
1.708557128906250000e+01
1.708740234375000000e+01
1.708862304687500000e+01
1.709045410156250000e+01
1.709167480468750000e+01
1.709289550781250000e+01
1.709472656250000000e+01
1.709594726562500000e+01
1.709838867187500000e+01
1.709899902343750000e+01
1.710144042968750000e+01
1.710266113281250000e+01
1.710449218750000000e+01
1.710571289062500000e+01
1.710815429687500000e+01
1.710937500000000000e+01
1.711120605468750000e+01
1.711303710937500000e+01
1.711425781250000000e+01
1.711608886718750000e+01
1.711791992187500000e+01
1.711914062500000000e+01
1.711975097656250000e+01
1.712158203125000000e+01
1.712341308593750000e+01
1.712463378906250000e+01
1.712646484375000000e+01
1.712768554687500000e+01
1.713073730468750000e+01
1.713134765625000000e+01
1.713378906250000000e+01
1.713500976562500000e+01
1.713623046875000000e+01
1.713867187500000000e+01
1.714050292968750000e+01
1.714233398437500000e+01
1.714355468750000000e+01
1.714538574218750000e+01
1.714660644531250000e+01
1.714782714843750000e+01
1.715026855468750000e+01
1.715209960937500000e+01
1.715270996093750000e+01
1.715454101562500000e+01
1.715637207031250000e+01
1.715759277343750000e+01
1.715942382812500000e+01
1.716247558593750000e+01
1.716247558593750000e+01
1.716552734375000000e+01
1.716613769531250000e+01
1.716857910156250000e+01
1.716979980468750000e+01
1.717224121093750000e+01
1.717285156250000000e+01
1.717529296875000000e+01
1.717590332031250000e+01
1.717773437500000000e+01
1.717895507812500000e+01
1.718139648437500000e+01
1.718200683593750000e+01
1.718444824218750000e+01
1.718566894531250000e+01
1.718872070312500000e+01
1.718933105468750000e+01
1.719177246093750000e+01
1.719299316406250000e+01
1.719482421875000000e+01
1.719604492187500000e+01
1.719787597656250000e+01
1.719909667968750000e+01
1.720153808593750000e+01
1.720214843750000000e+01
1.720397949218750000e+01
1.720581054687500000e+01
1.720703125000000000e+01
1.720764160156250000e+01
1.720947265625000000e+01
1.721069335937500000e+01
1.721191406250000000e+01
1.721557617187500000e+01
1.721618652343750000e+01
1.721801757812500000e+01
1.721862792968750000e+01
1.722167968750000000e+01
1.722290039062500000e+01
1.722412109375000000e+01
1.722595214843750000e+01
1.722778320312500000e+01
1.722900390625000000e+01
1.723144531250000000e+01
1.723266601562500000e+01
1.723510742187500000e+01
1.723632812500000000e+01
1.723754882812500000e+01
1.723815917968750000e+01
1.724060058593750000e+01
1.724121093750000000e+01
1.724487304687500000e+01
1.724548339843750000e+01
1.724853515625000000e+01
1.724914550781250000e+01
1.725097656250000000e+01
1.725341796875000000e+01
1.725402832031250000e+01
1.725708007812500000e+01
1.725708007812500000e+01
1.726013183593750000e+01
1.726074218750000000e+01
1.726318359375000000e+01
1.726379394531250000e+01
1.726623535156250000e+01
1.726684570312500000e+01
1.726928710937500000e+01
1.726989746093750000e+01
1.727172851562500000e+01
1.727416992187500000e+01
1.727600097656250000e+01
1.727783203125000000e+01
1.727966308593750000e+01
1.728088378906250000e+01
1.728271484375000000e+01
1.728393554687500000e+01
1.728637695312500000e+01
1.728759765625000000e+01
1.728942871093750000e+01
1.729125976562500000e+01
1.729248046875000000e+01
1.729431152343750000e+01
1.729614257812500000e+01
1.729675292968750000e+01
1.729919433593750000e+01
1.729980468750000000e+01
1.730224609375000000e+01
1.730346679687500000e+01
1.730468750000000000e+01
1.730773925781250000e+01
1.730834960937500000e+01
1.731140136718750000e+01
1.731201171875000000e+01
1.731445312500000000e+01
1.731567382812500000e+01
