2.727799999999999727e+02
2.726700000000000159e+02
2.726499999999999773e+02
2.727799999999999727e+02
2.728100000000000023e+02
2.727500000000000000e+02
2.725199999999999818e+02
2.726399999999999864e+02
2.725299999999999727e+02
2.724700000000000273e+02
2.726700000000000159e+02
2.724900000000000091e+02
2.724900000000000091e+02
2.723500000000000227e+02
2.724100000000000250e+02
2.726999999999999886e+02
2.727900000000000205e+02
2.726600000000000250e+02
2.725799999999999841e+02
2.726299999999999955e+02
2.728199999999999932e+02
2.728799999999999955e+02
2.727099999999999795e+02
2.727400000000000091e+02
2.728899999999999864e+02
2.726899999999999977e+02
2.727200000000000273e+02
2.725400000000000205e+02
2.725199999999999818e+02
2.727400000000000091e+02
2.727099999999999795e+02
2.727699999999999818e+02
2.728999999999999773e+02
2.730000000000000000e+02
2.728500000000000227e+02
2.728700000000000045e+02
2.728700000000000045e+02
2.727099999999999795e+02
2.729100000000000250e+02
2.731399999999999864e+02
2.730899999999999750e+02
2.730099999999999909e+02
2.733500000000000227e+02
2.731999999999999886e+02
2.729900000000000091e+02
2.732599999999999909e+02
2.734100000000000250e+02
2.736899999999999977e+02
2.737699999999999818e+02
2.737599999999999909e+02
2.736399999999999864e+02
2.736899999999999977e+02
2.736399999999999864e+02
2.734200000000000159e+02
2.734100000000000250e+02
2.735799999999999841e+02
2.734100000000000250e+02
2.737200000000000273e+02
2.738799999999999955e+02
2.740000000000000000e+02
2.736700000000000159e+02
2.742099999999999795e+02
2.743799999999999955e+02
2.748999999999999773e+02
2.751899999999999977e+02
2.757300000000000182e+02
2.763600000000000136e+02
2.770899999999999750e+02
2.771999999999999886e+02
2.776999999999999886e+02
2.780799999999999841e+02
2.785899999999999750e+02
2.786800000000000068e+02
2.793000000000000114e+02
2.794599999999999795e+02
2.797599999999999909e+02
2.798799999999999955e+02
2.802599999999999909e+02
2.800899999999999750e+02
2.800899999999999750e+02
2.801700000000000159e+02
2.803199999999999932e+02
2.808600000000000136e+02
2.810600000000000023e+02
2.811999999999999886e+02
2.817099999999999795e+02
2.815699999999999932e+02
2.820099999999999909e+02
2.820000000000000000e+02
2.820600000000000023e+02
2.819900000000000091e+02
2.813000000000000114e+02
2.813500000000000227e+02
2.810199999999999818e+02
2.803299999999999841e+02
2.790000000000000000e+02
2.784399999999999977e+02
2.775699999999999932e+02
2.771000000000000227e+02
2.761600000000000250e+02
2.755400000000000205e+02
2.748600000000000136e+02
2.746399999999999864e+02
2.740799999999999841e+02
2.737300000000000182e+02
2.732699999999999818e+02
2.731800000000000068e+02
2.728700000000000045e+02
2.726000000000000227e+02
2.727300000000000182e+02
2.725899999999999750e+02
2.723899999999999864e+02
2.725299999999999727e+02
2.726700000000000159e+02
2.726800000000000068e+02
2.727699999999999818e+02
2.726100000000000136e+02
2.725000000000000000e+02
2.724900000000000091e+02
2.726600000000000250e+02
2.726399999999999864e+02
