2.783500000000000227e+02
2.784100000000000250e+02
2.782900000000000205e+02
2.781700000000000159e+02
2.781600000000000250e+02
2.783700000000000045e+02
2.783199999999999932e+02
2.783100000000000023e+02
2.782200000000000273e+02
2.782400000000000091e+02
2.783199999999999932e+02
2.782699999999999818e+02
2.783700000000000045e+02
2.784100000000000250e+02
2.783700000000000045e+02
2.785400000000000205e+02
2.782599999999999909e+02
2.785199999999999818e+02
2.783000000000000114e+02
2.783100000000000023e+02
2.783700000000000045e+02
2.785199999999999818e+02
2.786399999999999864e+02
2.786299999999999955e+02
2.786999999999999886e+02
2.787900000000000205e+02
2.786999999999999886e+02
2.786100000000000136e+02
2.787599999999999909e+02
2.786299999999999955e+02
2.786399999999999864e+02
2.788399999999999750e+02
2.788700000000000045e+02
2.791700000000000159e+02
2.791399999999999864e+02
2.793199999999999932e+02
2.791399999999999864e+02
2.794200000000000159e+02
2.795400000000000205e+02
2.796800000000000068e+02
2.797699999999999818e+02
2.800600000000000023e+02
2.806000000000000227e+02
2.817500000000000000e+02
2.823799999999999955e+02
2.834200000000000159e+02
2.841700000000000159e+02
2.856800000000000068e+02
2.869800000000000182e+02
2.878000000000000114e+02
2.889800000000000182e+02
2.904599999999999795e+02
2.907599999999999909e+02
2.922099999999999795e+02
2.925899999999999750e+02
2.950799999999999841e+02
2.956899999999999977e+02
2.976499999999999773e+02
2.983799999999999955e+02
3.012599999999999909e+02
3.021600000000000250e+02
3.043600000000000136e+02
3.047799999999999727e+02
3.075299999999999727e+02
3.085899999999999750e+02
3.133000000000000114e+02
3.150799999999999841e+02
3.210600000000000023e+02
3.229399999999999977e+02
3.332099999999999795e+02
3.381299999999999955e+02
3.493999999999999773e+02
3.534200000000000159e+02
3.583399999999999750e+02
3.601899999999999977e+02
3.597699999999999818e+02
3.581800000000000068e+02
3.521999999999999886e+02
3.485500000000000114e+02
3.394100000000000250e+02
3.340099999999999909e+02
3.256200000000000045e+02
3.190899999999999750e+02
3.127099999999999795e+02
3.082500000000000000e+02
3.017099999999999795e+02
2.980400000000000205e+02
2.926899999999999977e+02
2.906499999999999773e+02
2.871600000000000250e+02
2.860799999999999841e+02
2.842300000000000182e+02
2.832599999999999909e+02
2.821600000000000250e+02
2.812300000000000182e+02
2.807799999999999727e+02
2.801800000000000068e+02
2.798500000000000227e+02
2.797200000000000273e+02
2.795899999999999750e+02
2.793000000000000114e+02
2.789200000000000159e+02
2.788000000000000114e+02
2.786899999999999977e+02
2.786399999999999864e+02
2.787200000000000273e+02
2.786800000000000068e+02
2.785500000000000114e+02
2.783299999999999841e+02
2.781600000000000250e+02
2.782200000000000273e+02
2.781899999999999977e+02
2.780799999999999841e+02
2.781700000000000159e+02
2.780899999999999750e+02
2.782200000000000273e+02
2.781200000000000045e+02
2.781299999999999955e+02
2.781399999999999864e+02
2.782300000000000182e+02
2.783899999999999864e+02
2.782400000000000091e+02
2.784399999999999977e+02
2.783799999999999955e+02
2.782799999999999727e+02
2.783600000000000136e+02
2.781800000000000068e+02
2.782599999999999909e+02
2.781700000000000159e+02
2.781000000000000227e+02
2.784399999999999977e+02
2.784100000000000250e+02
2.785199999999999818e+02
2.784700000000000273e+02
2.783899999999999864e+02
2.782599999999999909e+02
2.782200000000000273e+02
2.783799999999999955e+02
2.783100000000000023e+02
2.782900000000000205e+02
2.780899999999999750e+02
2.782799999999999727e+02
2.781100000000000136e+02
2.780099999999999909e+02
2.779300000000000068e+02
2.783700000000000045e+02
2.783399999999999750e+02
2.781800000000000068e+02
2.780400000000000205e+02
2.781100000000000136e+02
2.781100000000000136e+02
2.780199999999999818e+02
2.780400000000000205e+02
2.781399999999999864e+02
2.781000000000000227e+02
2.781200000000000045e+02
2.780500000000000114e+02
2.781999999999999886e+02
2.781999999999999886e+02
2.781399999999999864e+02
2.785600000000000023e+02
2.786000000000000227e+02
2.785299999999999727e+02
2.782699999999999818e+02
2.783199999999999932e+02
2.781899999999999977e+02
2.783500000000000227e+02
2.781700000000000159e+02
2.783799999999999955e+02
2.782799999999999727e+02
2.782599999999999909e+02
2.782699999999999818e+02
2.784300000000000068e+02
2.784800000000000182e+02
2.786100000000000136e+02
2.785799999999999841e+02
2.785699999999999932e+02
2.785600000000000023e+02
2.785600000000000023e+02
2.785600000000000023e+02
2.783199999999999932e+02
