1.543210028468448902e+00
1.543210028468448902e+00
1.543210028468448902e+00
1.543241288510969866e+00
1.543397586096625806e+00
1.543428845088342438e+00
1.543522621012598517e+00
1.543553879303707799e+00
1.543710168131772420e+00
1.543772682436774346e+00
1.543866452580376691e+00
1.543897708944523162e+00
1.544053988137189304e+00
1.544085243450084466e+00
1.544179008337429382e+00
1.544241517386173879e+00
1.544366533380769901e+00
1.544460293536573436e+00
1.544522799430797511e+00
1.544647809115969439e+00
1.544679061099059503e+00
1.544772815996584336e+00
1.544835318385111567e+00
1.544929070653098035e+00
1.545022821343233987e+00
1.545085320926693262e+00
1.545179068986865412e+00
1.545241566816927037e+00
1.545335312246868709e+00
1.545397808323354827e+00
1.545522798371859796e+00
1.545554045445534985e+00
1.545710278183022757e+00
1.545772770050204858e+00
1.545835261215737111e+00
1.545960241441738381e+00
1.546022730502150555e+00
1.546085218860799637e+00
1.546210193472693506e+00
1.546210193472693506e+00
1.546366407789636410e+00
1.546397650126599688e+00
1.546553859179093937e+00
1.546585100463103712e+00
1.546710063844059846e+00
1.546772544481439304e+00
1.546835024416714832e+00
1.546897503649858230e+00
1.547053698660702636e+00
1.547116175436160423e+00
1.547209889282600503e+00
1.547303601548861041e+00
1.547366075515109740e+00
1.547459785147524025e+00
1.547522257357786257e+00
1.547615964356088281e+00
1.547709669773795538e+00
1.547772139174111494e+00
1.547834607871869883e+00
1.547959543159600937e+00
1.548022009749516537e+00
1.548146940821307105e+00
1.548178173150058790e+00
1.548271869082187280e+00
1.548334332158464832e+00
1.548459256202554091e+00
1.548521717170308509e+00
1.548615407303998159e+00
1.548677866514455159e+00
1.548740325021943809e+00
1.548865239927901261e+00
1.548927696326313663e+00
1.549021379605644899e+00
1.549146288183800735e+00
1.549177514888859797e+00
1.549239967771578907e+00
1.549396096901710207e+00
1.549458547323021573e+00
1.549520997041010428e+00
1.549614670299200858e+00
1.549708341974755266e+00
1.549802012067577506e+00
1.549864457916783067e+00
1.549926903062481598e+00
1.550051791243242993e+00
1.550114234278249681e+00
1.550176676609635651e+00
1.550301559161432197e+00
1.550363999381786151e+00
1.550488877711264424e+00
1.550520096853773344e+00
1.550644971664262295e+00
1.550676189926980308e+00
1.550769843659305369e+00
1.550832278600964065e+00
1.550925929693542926e+00
1.551019579202146836e+00
1.551082011327848731e+00
1.551238088561780248e+00
1.551269303480482531e+00
1.551394161394894278e+00
1.551425375433380216e+00
1.551519016492499903e+00
1.551612655967038457e+00
1.551675081403027567e+00
1.551737506134687195e+00
1.551862353484906532e+00
1.551955987148496474e+00
1.552018408710324593e+00
1.552143249720497886e+00
1.552205669168786661e+00
1.552236878628718619e+00
1.552361714706951945e+00
1.552455339915957300e+00
1.552517755841112734e+00
1.552642585577260537e+00
1.552673792570826050e+00
1.552798618783097107e+00
1.552829824895649136e+00
1.552954647583689063e+00
1.553017057870358375e+00
1.553079467452089579e+00
1.553173080502864734e+00
1.553266691967369884e+00
1.553329098729064661e+00
1.553422707549573234e+00
1.553516314783556673e+00
1.553578718724761831e+00
1.553672323314323478e+00
1.553765926317105306e+00
1.553828327437367651e+00
1.553953127561944925e+00
1.554015526566203009e+00
1.554109123749972454e+00
1.554171520990698996e+00
1.554265115529037455e+00
1.554358708479990803e+00
1.554389905777539660e+00
1.554545889619357357e+00
1.554608281921253443e+00
1.554670673517488444e+00
1.554733064408034604e+00
1.554857844071947381e+00
1.554889038546825919e+00
1.555013814681833972e+00
1.555107394930260512e+00
1.555169780880192087e+00
1.555263358481488778e+00
1.555325742666578526e+00
1.555419317620480024e+00
1.555450508918771346e+00
1.555575272346792604e+00
1.555700032950416256e+00
1.555731222659983315e+00
1.555824790729415152e+00
1.555918357209868708e+00
1.555949545683563473e+00
1.556105485403457278e+00
1.556167860055344132e+00
1.556230234000862689e+00
1.556354979772681446e+00
1.556417351598924803e+00
1.556479722718686620e+00
1.556542093131938254e+00
1.556698016073900570e+00
1.556729200132350499e+00
1.556822751247750380e+00
1.556853934599555789e+00
1.557009848708462041e+00
1.557041031000194531e+00
1.557196939808418001e+00
1.557228121039950119e+00
1.557321663674257950e+00
1.557384024546853762e+00
1.557508744171255843e+00
1.557508744171255843e+00
1.557695818305459445e+00
1.557726996709168699e+00
1.557820530859666208e+00
1.557882886076105589e+00
1.558007594387515793e+00
