1.543178768250806021e+00
1.543178768250806021e+00
1.543178768250806021e+00
1.543210028468448902e+00
1.543272548378365583e+00
1.543366326929766386e+00
1.543460103904912062e+00
1.543585137419656306e+00
1.543616395360440707e+00
1.543710168131772420e+00
1.543803939326498842e+00
1.543897708944523162e+00
1.543960221147213430e+00
1.544053988137189304e+00
1.544085243450084466e+00
1.544241517386173879e+00
1.544304025733963526e+00
1.544397786941295481e+00
1.544491546571319152e+00
1.544585304623939059e+00
1.544710312906860672e+00
1.544710312906860672e+00
1.544835318385111567e+00
1.544866569316418081e+00
1.545022821343233987e+00
1.545022821343233987e+00
1.545147819808815104e+00
1.545179068986865412e+00
1.545335312246868709e+00
1.545366560372795073e+00
1.545460303698361404e+00
1.545522798371859796e+00
1.545616539066717587e+00
1.545741524204318207e+00
1.545804015720679159e+00
1.545866506535375828e+00
1.546022730502150555e+00
1.546022730502150555e+00
1.546147706517656539e+00
1.546178950082904402e+00
1.546303922589273849e+00
1.546397650126599688e+00
1.546428892288079560e+00
1.546585100463103712e+00
1.546647582504605323e+00
1.546710063844059846e+00
1.546866264121054657e+00
1.546897503649858230e+00
1.546991221183013687e+00
1.547053698660702636e+00
1.547178651509358183e+00
1.547209889282600503e+00
1.547334838619780495e+00
1.547366075515109740e+00
1.547491021340458683e+00
1.547553493199502528e+00
1.547647199670950435e+00
1.547678434810187298e+00
1.547834607871869883e+00
1.547865841957281496e+00
1.548022009749516537e+00
1.548022009749516537e+00
1.548146940821307105e+00
1.548209405303125008e+00
1.548303100708175783e+00
1.548365563433050651e+00
1.548521717170308509e+00
1.548521717170308509e+00
1.548646636997096149e+00
1.548677866514455159e+00
1.548802782826435465e+00
1.548896468214991051e+00
1.548958924261865988e+00
1.549083834246298919e+00
1.549146288183800735e+00
1.549208741418120816e+00
1.549364871427317158e+00
1.549364871427317158e+00
1.549520997041010428e+00
1.549520997041010428e+00
1.549677118258758091e+00
1.549708341974755266e+00
1.549864457916783067e+00
1.549895680577572543e+00
1.550020569461890929e+00
1.550051791243242993e+00
1.550176676609635651e+00
1.550207897511461930e+00
1.550363999381786151e+00
1.550395219228065002e+00
1.550488877711264424e+00
1.550520096853773344e+00
1.550707408013728861e+00
1.550707408013728861e+00
1.550801061218126442e+00
1.550925929693542926e+00
1.550957146372412998e+00
1.551144442749491148e+00
1.551144442749491148e+00
1.551206873467045000e+00
1.551300518223148517e+00
1.551362947180358054e+00
1.551487802982186359e+00
1.551550229826748506e+00
1.551612655967038457e+00
1.551706293856900176e+00
1.551831141911498069e+00
1.551862353484906532e+00
1.552018408710324593e+00
1.552018408710324593e+00
1.552174459532711381e+00
1.552205669168786661e+00
1.552330505951625028e+00
1.552361714706951945e+00
1.552517755841112734e+00
1.552548963539425397e+00
1.552673792570826050e+00
1.552704999388196283e+00
1.552829824895649136e+00
1.552861030831987899e+00
1.552954647583689063e+00
1.553048262749342934e+00
1.553141876328854032e+00
1.553173080502864734e+00
1.553329098729064661e+00
1.553360301845508884e+00
1.553485112548515401e+00
1.553516314783556673e+00
1.553672323314323478e+00
1.553734725492492696e+00
1.553828327437367651e+00
1.553890727852323739e+00
1.553953127561944925e+00
1.554046725803811979e+00
1.554140322458516410e+00
1.554202719346515105e+00
1.554296313355736148e+00
1.554327511006055040e+00
1.554421102898698059e+00
1.554577085858511287e+00
1.554608281921253443e+00
1.554764259588665487e+00
1.554795454592863724e+00
1.554857844071947381e+00
1.554951426967237982e+00
1.555076201690585469e+00
1.555138587993463606e+00
1.555200973590440849e+00
1.555294550662280173e+00
1.555356934494380505e+00
1.555481700040551196e+00
1.555512890985817354e+00
1.555668843064309526e+00
1.555700032950416256e+00
1.555824790729415152e+00
1.555855979732790884e+00
1.555949545683563473e+00
1.556043110045230327e+00
1.556105485403457278e+00
1.556167860055344132e+00
1.556230234000862689e+00
1.556417351598924803e+00
1.556417351598924803e+00
1.556510908013627903e+00
1.556573278073613897e+00
1.556729200132350499e+00
1.556760384014144183e+00
1.556822751247750380e+00
1.556885117774691185e+00
1.557041031000194531e+00
1.557072213115235915e+00
1.557196939808418001e+00
1.557259302094769815e+00
1.557352844198919062e+00
1.557446384712529053e+00
1.557508744171255843e+00
1.557539923635504531e+00
1.557726996709168699e+00
1.557758174936108020e+00
1.557882886076105589e+00
1.557914063419147288e+00
1.558069947482429329e+00
