2.773925781250000000e+01
2.773925781250000000e+01
2.773986816406250000e+01
2.774047851562500000e+01
2.774230957031250000e+01
2.774353027343750000e+01
2.774536132812500000e+01
2.774658203125000000e+01
2.774841308593750000e+01
2.775024414062500000e+01
2.775268554687500000e+01
2.775390625000000000e+01
2.775512695312500000e+01
2.775695800781250000e+01
2.775817871093750000e+01
2.775939941406250000e+01
2.776184082031250000e+01
2.776367187500000000e+01
2.776489257812500000e+01
2.776794433593750000e+01
2.776855468750000000e+01
2.777038574218750000e+01
2.777160644531250000e+01
2.777221679687500000e+01
2.777465820312500000e+01
2.777587890625000000e+01
2.777832031250000000e+01
2.777954101562500000e+01
2.778076171875000000e+01
2.778259277343750000e+01
2.778442382812500000e+01
2.778564453125000000e+01
2.778808593750000000e+01
2.778991699218750000e+01
2.779113769531250000e+01
2.779296875000000000e+01
2.779418945312500000e+01
2.779541015625000000e+01
2.779785156250000000e+01
2.779907226562500000e+01
2.780090332031250000e+01
2.780273437500000000e+01
2.780395507812500000e+01
2.780639648437500000e+01
2.780700683593750000e+01
2.780944824218750000e+01
2.781005859375000000e+01
2.781188964843750000e+01
2.781372070312500000e+01
2.781494140625000000e+01
2.781738281250000000e+01
2.781921386718750000e+01
2.782043457031250000e+01
2.782287597656250000e+01
2.782348632812500000e+01
2.782592773437500000e+01
2.782714843750000000e+01
2.782897949218750000e+01
2.782958984375000000e+01
2.783264160156250000e+01
2.783325195312500000e+01
2.783569335937500000e+01
2.783691406250000000e+01
2.783752441406250000e+01
2.783935546875000000e+01
2.784179687500000000e+01
2.784301757812500000e+01
2.784484863281250000e+01
2.784606933593750000e+01
2.784729003906250000e+01
2.784973144531250000e+01
2.785156250000000000e+01
2.785278320312500000e+01
2.785522460937500000e+01
2.785583496093750000e+01
2.785827636718750000e+01
2.785888671875000000e+01
2.786132812500000000e+01
2.786254882812500000e+01
2.786499023437500000e+01
2.786560058593750000e+01
2.786804199218750000e+01
2.786987304687500000e+01
2.787048339843750000e+01
2.787292480468750000e+01
2.787414550781250000e+01
2.787597656250000000e+01
2.787902832031250000e+01
2.787902832031250000e+01
2.788085937500000000e+01
2.788208007812500000e+01
2.788452148437500000e+01
2.788513183593750000e+01
2.788696289062500000e+01
2.788818359375000000e+01
2.789001464843750000e+01
2.789184570312500000e+01
2.789367675781250000e+01
2.789550781250000000e+01
2.789733886718750000e+01
2.789855957031250000e+01
2.789978027343750000e+01
2.790161132812500000e+01
2.790344238281250000e+01
2.790466308593750000e+01
2.790649414062500000e+01
2.790832519531250000e+01
2.791076660156250000e+01
2.791137695312500000e+01
2.791381835937500000e+01
2.791442871093750000e+01
2.791625976562500000e+01
2.791748046875000000e+01
2.792053222656250000e+01
2.792175292968750000e+01
2.792419433593750000e+01
2.792480468750000000e+01
2.792663574218750000e+01
2.792724609375000000e+01
2.792968750000000000e+01
