2.723399999999999750e+02
2.724300000000000068e+02
2.723799999999999955e+02
2.723799999999999955e+02
2.723600000000000136e+02
2.724100000000000250e+02
2.726100000000000136e+02
2.723600000000000136e+02
2.722400000000000091e+02
2.723500000000000227e+02
2.723100000000000023e+02
2.724200000000000159e+02
2.726399999999999864e+02
2.721200000000000045e+02
2.723000000000000114e+02
2.722300000000000182e+02
2.722099999999999795e+02
2.722699999999999818e+02
2.725299999999999727e+02
2.724700000000000273e+02
2.722400000000000091e+02
2.723299999999999841e+02
2.724200000000000159e+02
2.725899999999999750e+02
2.724800000000000182e+02
2.724599999999999795e+02
2.727300000000000182e+02
2.727200000000000273e+02
2.726000000000000227e+02
2.725400000000000205e+02
2.725600000000000023e+02
2.726600000000000250e+02
2.725799999999999841e+02
2.728100000000000023e+02
2.728299999999999841e+02
2.727400000000000091e+02
2.729900000000000091e+02
2.730400000000000205e+02
2.733000000000000114e+02
2.733500000000000227e+02
2.733600000000000136e+02
2.735799999999999841e+02
2.737200000000000273e+02
2.739800000000000182e+02
2.740500000000000114e+02
2.742799999999999727e+02
2.747599999999999909e+02
2.753500000000000227e+02
2.756800000000000068e+02
2.767900000000000205e+02
2.773799999999999955e+02
2.787200000000000273e+02
2.790899999999999750e+02
2.797500000000000000e+02
2.798299999999999841e+02
2.803799999999999955e+02
2.803600000000000136e+02
2.805899999999999750e+02
2.806700000000000159e+02
2.805000000000000000e+02
2.804900000000000091e+02
2.802599999999999909e+02
2.803399999999999750e+02
2.806899999999999977e+02
2.810299999999999727e+02
2.821100000000000136e+02
2.827599999999999909e+02
2.837300000000000182e+02
2.841800000000000068e+02
2.856600000000000250e+02
2.868700000000000045e+02
2.885299999999999727e+02
2.894800000000000182e+02
2.912900000000000205e+02
2.920400000000000205e+02
2.933199999999999932e+02
2.939399999999999977e+02
2.953399999999999750e+02
2.961200000000000045e+02
2.970699999999999932e+02
2.973999999999999773e+02
2.978500000000000227e+02
2.985699999999999932e+02
2.994399999999999977e+02
3.004700000000000273e+02
3.014499999999999886e+02
3.019399999999999977e+02
3.030099999999999909e+02
3.032300000000000182e+02
3.029100000000000250e+02
3.022300000000000182e+02
3.007200000000000273e+02
2.996700000000000159e+02
2.978999999999999773e+02
2.956999999999999886e+02
2.925600000000000023e+02
2.905899999999999750e+02
2.875199999999999818e+02
2.856200000000000045e+02
2.826499999999999773e+02
2.811600000000000250e+02
2.787099999999999795e+02
2.775600000000000023e+02
2.754800000000000182e+02
2.753000000000000114e+02
2.738399999999999750e+02
2.735500000000000114e+02
2.731100000000000136e+02
2.729499999999999886e+02
2.725400000000000205e+02
2.725400000000000205e+02
2.722200000000000273e+02
2.722200000000000273e+02
2.723500000000000227e+02
2.723100000000000023e+02
2.722799999999999727e+02
2.721800000000000068e+02
2.723100000000000023e+02
2.723899999999999864e+02
2.723399999999999750e+02
