2.773925781250000000e+01
2.773925781250000000e+01
2.773925781250000000e+01
2.773986816406250000e+01
2.774291992187500000e+01
2.774353027343750000e+01
2.774536132812500000e+01
2.774597167968750000e+01
2.774902343750000000e+01
2.775024414062500000e+01
2.775207519531250000e+01
2.775268554687500000e+01
2.775573730468750000e+01
2.775634765625000000e+01
2.775817871093750000e+01
2.775939941406250000e+01
2.776184082031250000e+01
2.776367187500000000e+01
2.776489257812500000e+01
2.776733398437500000e+01
2.776794433593750000e+01
2.776977539062500000e+01
2.777099609375000000e+01
2.777282714843750000e+01
2.777465820312500000e+01
2.777587890625000000e+01
2.777770996093750000e+01
2.777893066406250000e+01
2.778076171875000000e+01
2.778198242187500000e+01
2.778442382812500000e+01
2.778503417968750000e+01
2.778808593750000000e+01
2.778930664062500000e+01
2.779052734375000000e+01
2.779296875000000000e+01
2.779418945312500000e+01
2.779541015625000000e+01
2.779785156250000000e+01
2.779785156250000000e+01
2.780090332031250000e+01
2.780151367187500000e+01
2.780456542968750000e+01
2.780517578125000000e+01
2.780761718750000000e+01
2.780883789062500000e+01
2.781005859375000000e+01
2.781127929687500000e+01
2.781433105468750000e+01
2.781555175781250000e+01
2.781738281250000000e+01
2.781921386718750000e+01
2.782043457031250000e+01
2.782226562500000000e+01
2.782348632812500000e+01
2.782531738281250000e+01
2.782714843750000000e+01
2.782836914062500000e+01
2.782958984375000000e+01
2.783203125000000000e+01
2.783325195312500000e+01
2.783569335937500000e+01
2.783630371093750000e+01
2.783813476562500000e+01
2.783935546875000000e+01
2.784179687500000000e+01
2.784301757812500000e+01
2.784484863281250000e+01
2.784606933593750000e+01
2.784729003906250000e+01
2.784973144531250000e+01
2.785095214843750000e+01
2.785278320312500000e+01
2.785522460937500000e+01
2.785583496093750000e+01
2.785705566406250000e+01
2.786010742187500000e+01
2.786132812500000000e+01
2.786254882812500000e+01
2.786437988281250000e+01
2.786621093750000000e+01
2.786804199218750000e+01
2.786926269531250000e+01
2.787048339843750000e+01
2.787292480468750000e+01
2.787414550781250000e+01
2.787536621093750000e+01
2.787780761718750000e+01
2.787902832031250000e+01
2.788146972656250000e+01
2.788208007812500000e+01
2.788452148437500000e+01
2.788513183593750000e+01
2.788696289062500000e+01
2.788818359375000000e+01
2.789001464843750000e+01
2.789184570312500000e+01
2.789306640625000000e+01
2.789611816406250000e+01
2.789672851562500000e+01
2.789916992187500000e+01
2.789978027343750000e+01
2.790161132812500000e+01
2.790344238281250000e+01
2.790466308593750000e+01
2.790588378906250000e+01
2.790832519531250000e+01
2.791015625000000000e+01
2.791137695312500000e+01
2.791381835937500000e+01
2.791503906250000000e+01
2.791564941406250000e+01
2.791809082031250000e+01
2.791992187500000000e+01
2.792114257812500000e+01
2.792358398437500000e+01
2.792419433593750000e+01
2.792663574218750000e+01
2.792724609375000000e+01
2.792968750000000000e+01
2.793090820312500000e+01
2.793212890625000000e+01
2.793395996093750000e+01
2.793579101562500000e+01
2.793701171875000000e+01
2.793884277343750000e+01
2.794067382812500000e+01
2.794189453125000000e+01
2.794372558593750000e+01
2.794555664062500000e+01
2.794677734375000000e+01
2.794921875000000000e+01
2.795043945312500000e+01
2.795227050781250000e+01
2.795349121093750000e+01
2.795532226562500000e+01
2.795715332031250000e+01
2.795776367187500000e+01
2.796081542968750000e+01
2.796203613281250000e+01
2.796325683593750000e+01
2.796447753906250000e+01
2.796691894531250000e+01
2.796752929687500000e+01
2.796997070312500000e+01
2.797180175781250000e+01
2.797302246093750000e+01
2.797485351562500000e+01
2.797607421875000000e+01
2.797790527343750000e+01
2.797851562500000000e+01
2.798095703125000000e+01
2.798339843750000000e+01
2.798400878906250000e+01
2.798583984375000000e+01
2.798767089843750000e+01
2.798828125000000000e+01
2.799133300781250000e+01
2.799255371093750000e+01
2.799377441406250000e+01
2.799621582031250000e+01
2.799743652343750000e+01
2.799865722656250000e+01
2.799987792968750000e+01
2.800292968750000000e+01
2.800354003906250000e+01
2.800537109375000000e+01
2.800598144531250000e+01
2.800903320312500000e+01
2.800964355468750000e+01
2.801269531250000000e+01
2.801330566406250000e+01
2.801513671875000000e+01
2.801635742187500000e+01
2.801879882812500000e+01
2.801879882812500000e+01
2.802246093750000000e+01
2.802307128906250000e+01
2.802490234375000000e+01
2.802612304687500000e+01
2.802856445312500000e+01
