1.543588619245074067e+00
1.543588619245074067e+00
1.543588619245074067e+00
1.543619886956521192e+00
1.543744956050592920e+00
1.543776222886163563e+00
1.543901288476552169e+00
1.543963820220559668e+00
1.544088881606060282e+00
1.544151411247496553e+00
1.544276468427598470e+00
1.544307732284526002e+00
1.544401522803817262e+00
1.544464048940399348e+00
1.544557836830784181e+00
1.544620361214673609e+00
1.544776669106904921e+00
1.544807930159466824e+00
1.544964232792661374e+00
1.544964232792661374e+00
1.545089271743464998e+00
1.545151790166871431e+00
1.545214307888910010e+00
1.545276824909551650e+00
1.545433114392360530e+00
1.545464371762814704e+00
1.545620655984352387e+00
1.545651912302488107e+00
1.545714424412560462e+00
1.545808191262115772e+00
1.545870701618075937e+00
1.545933211272342067e+00
1.546089482337907217e+00
1.546151989536019400e+00
1.546245749017261861e+00
1.546339506919309104e+00
1.546402011309962798e+00
1.546495766579804920e+00
1.546589520270196028e+00
1.546652021852936931e+00
1.546745772910697259e+00
1.546839522388751886e+00
1.546902021163126140e+00
1.547027016605359018e+00
1.547058265027039026e+00
1.547183256958140074e+00
1.547245751870269581e+00
1.547339492921607551e+00
1.547401986077887370e+00
1.547495724495317804e+00
1.547558215895570743e+00
1.547714441322876944e+00
1.547745685881453781e+00
1.547870662359362326e+00
1.547901906039721887e+00
1.548026879004583689e+00
1.548089364433019366e+00
1.548183091258098276e+00
1.548245574929726809e+00
1.548370540164638376e+00
1.548401781034106639e+00
1.548495502588233430e+00
1.548589222560866618e+00
1.548620462200285042e+00
1.548745419000566503e+00
1.548839134755416902e+00
1.548932848928423089e+00
1.548995324164911036e+00
1.549057798698286526e+00
1.549120272528520470e+00
1.549245218079452258e+00
1.549338925396694711e+00
1.549401396062442871e+00
1.549495100742374953e+00
1.549557569649827382e+00
1.549682505354600393e+00
1.549713738841162369e+00
1.549838671028776815e+00
1.549901136067354912e+00
1.550026064033910966e+00
1.550088526961832303e+00
1.550182220034438840e+00
1.550244681203284847e+00
1.550338371637144830e+00
1.550432060487630048e+00
1.550494518841586400e+00
1.550556976491749728e+00
1.550681889680582959e+00
1.550744345219196685e+00
1.550838027207283032e+00
1.550931707611484134e+00
1.550962934060893028e+00
1.551087838098479832e+00
1.551181514278517914e+00
1.551212739319816070e+00
1.551306413387517846e+00
1.551431309679870862e+00
1.551462533312831571e+00
1.551587426084056531e+00
1.551681093813728651e+00
1.551712316038124539e+00
1.551805981654780009e+00
1.551899645686560802e+00
1.551962087493881981e+00
1.552055748883993447e+00
1.552118188930112774e+00
1.552243066908732594e+00
1.552336723543169539e+00
1.552399160418679758e+00
1.552524032055698555e+00
1.552555249524515402e+00
1.552680117637926793e+00
1.552711334225797435e+00
1.552867414522082878e+00
1.552929845407098775e+00
1.553023490412928531e+00
1.553085919535644788e+00
1.553179561897892080e+00
1.553210775666139964e+00
1.553335628976530325e+00
