2.773925781250000000e+01
2.773925781250000000e+01
2.773925781250000000e+01
2.773986816406250000e+01
2.774230957031250000e+01
2.774291992187500000e+01
2.774536132812500000e+01
2.774658203125000000e+01
2.774841308593750000e+01
2.775024414062500000e+01
2.775207519531250000e+01
2.775390625000000000e+01
2.775512695312500000e+01
2.775695800781250000e+01
2.775817871093750000e+01
2.776000976562500000e+01
2.776184082031250000e+01
2.776367187500000000e+01
2.776550292968750000e+01
2.776733398437500000e+01
2.776855468750000000e+01
2.777038574218750000e+01
2.777099609375000000e+01
2.777221679687500000e+01
2.777526855468750000e+01
2.777587890625000000e+01
2.777893066406250000e+01
2.777954101562500000e+01
2.778137207031250000e+01
2.778198242187500000e+01
2.778503417968750000e+01
2.778503417968750000e+01
2.778808593750000000e+01
2.778869628906250000e+01
2.779113769531250000e+01
2.779235839843750000e+01
2.779479980468750000e+01
2.779541015625000000e+01
2.779785156250000000e+01
2.779846191406250000e+01
2.780090332031250000e+01
2.780273437500000000e+01
2.780395507812500000e+01
2.780639648437500000e+01
2.780761718750000000e+01
2.780883789062500000e+01
2.781066894531250000e+01
2.781188964843750000e+01
2.781372070312500000e+01
2.781555175781250000e+01
2.781677246093750000e+01
2.781921386718750000e+01
2.782043457031250000e+01
2.782226562500000000e+01
2.782348632812500000e+01
2.782470703125000000e+01
2.782714843750000000e+01
2.782836914062500000e+01
2.782958984375000000e+01
2.783203125000000000e+01
2.783325195312500000e+01
2.783447265625000000e+01
2.783630371093750000e+01
2.783752441406250000e+01
2.783996582031250000e+01
2.784118652343750000e+01
2.784301757812500000e+01
2.784423828125000000e+01
2.784606933593750000e+01
2.784729003906250000e+01
2.784973144531250000e+01
2.785095214843750000e+01
2.785278320312500000e+01
2.785461425781250000e+01
2.785583496093750000e+01
2.785827636718750000e+01
2.785888671875000000e+01
2.786132812500000000e+01
2.786254882812500000e+01
2.786499023437500000e+01
2.786560058593750000e+01
2.786743164062500000e+01
2.786926269531250000e+01
2.787048339843750000e+01
2.787292480468750000e+01
2.787353515625000000e+01
2.787536621093750000e+01
2.787658691406250000e+01
2.787902832031250000e+01
2.788085937500000000e+01
2.788208007812500000e+01
2.788452148437500000e+01
2.788513183593750000e+01
2.788696289062500000e+01
2.788879394531250000e+01
2.789062500000000000e+01
2.789184570312500000e+01
2.789428710937500000e+01
2.789489746093750000e+01
2.789733886718750000e+01
2.789794921875000000e+01
2.789978027343750000e+01
2.790161132812500000e+01
2.790283203125000000e+01
2.790466308593750000e+01
2.790588378906250000e+01
2.790893554687500000e+01
2.791015625000000000e+01
2.791137695312500000e+01
2.791442871093750000e+01
2.791442871093750000e+01
2.791625976562500000e+01
2.791809082031250000e+01
2.791931152343750000e+01
2.792175292968750000e+01
2.792236328125000000e+01
2.792480468750000000e+01
2.792663574218750000e+01
2.792724609375000000e+01
2.792907714843750000e+01
2.793151855468750000e+01
