2.847200000000000273e+02
2.847599999999999909e+02
2.847200000000000273e+02
2.843899999999999864e+02
2.846999999999999886e+02
2.850899999999999750e+02
2.850600000000000023e+02
2.848999999999999773e+02
2.847699999999999818e+02
2.848299999999999841e+02
2.847699999999999818e+02
2.845799999999999841e+02
2.846600000000000250e+02
2.845099999999999909e+02
2.846700000000000159e+02
2.847699999999999818e+02
2.848399999999999750e+02
2.849100000000000250e+02
2.846499999999999773e+02
2.849399999999999977e+02
2.848199999999999932e+02
2.846899999999999977e+02
2.847599999999999909e+02
2.848899999999999864e+02
2.850199999999999818e+02
2.847500000000000000e+02
2.847699999999999818e+02
2.849700000000000273e+02
2.850400000000000205e+02
2.850299999999999727e+02
2.851200000000000045e+02
2.848600000000000136e+02
2.848799999999999955e+02
2.848000000000000114e+02
2.850199999999999818e+02
2.849700000000000273e+02
2.851100000000000136e+02
2.852599999999999909e+02
2.854499999999999886e+02
2.855500000000000114e+02
2.855199999999999818e+02
2.857200000000000273e+02
2.861700000000000159e+02
2.863600000000000136e+02
2.868299999999999841e+02
2.869399999999999977e+02
2.875799999999999841e+02
2.877300000000000182e+02
2.880899999999999750e+02
2.881999999999999886e+02
2.890099999999999909e+02
2.892699999999999818e+02
2.899900000000000091e+02
2.902599999999999909e+02
2.910299999999999727e+02
2.912400000000000091e+02
2.913399999999999750e+02
2.914300000000000068e+02
2.911499999999999773e+02
2.906600000000000250e+02
2.901000000000000227e+02
2.892799999999999727e+02
2.881700000000000159e+02
2.876999999999999886e+02
2.871399999999999864e+02
2.866800000000000068e+02
2.862900000000000205e+02
2.857699999999999818e+02
2.858899999999999864e+02
2.856999999999999886e+02
2.854499999999999886e+02
2.854499999999999886e+02
2.853999999999999773e+02
2.852099999999999795e+02
2.852099999999999795e+02
2.851700000000000159e+02
2.852500000000000000e+02
2.853299999999999841e+02
2.853000000000000114e+02
2.851700000000000159e+02
2.850500000000000114e+02
2.849499999999999886e+02
2.847699999999999818e+02
2.847300000000000182e+02
2.846200000000000045e+02
2.846800000000000068e+02
2.845600000000000023e+02
2.845699999999999932e+02
2.848799999999999955e+02
2.847500000000000000e+02
2.846200000000000045e+02
2.845799999999999841e+02
2.847400000000000091e+02
2.848199999999999932e+02
2.847400000000000091e+02
2.847300000000000182e+02
2.849800000000000182e+02
2.848299999999999841e+02
2.846399999999999864e+02
2.845400000000000205e+02
2.845500000000000114e+02
2.848399999999999750e+02
2.850199999999999818e+02
2.848500000000000227e+02
2.849700000000000273e+02
2.849499999999999886e+02
2.849100000000000250e+02
2.848700000000000045e+02
2.849499999999999886e+02
2.848000000000000114e+02
2.848100000000000023e+02
2.847400000000000091e+02
2.846899999999999977e+02
2.847200000000000273e+02
2.847900000000000205e+02
2.846999999999999886e+02
2.847599999999999909e+02
2.847599999999999909e+02
2.845899999999999750e+02
2.847799999999999727e+02
2.848600000000000136e+02
2.850500000000000114e+02
2.848700000000000045e+02
2.847400000000000091e+02
2.847400000000000091e+02
2.848799999999999955e+02
2.845000000000000000e+02
2.846100000000000136e+02
2.849499999999999886e+02
2.848799999999999955e+02
2.850199999999999818e+02
2.849399999999999977e+02
2.850699999999999932e+02
2.849300000000000068e+02
2.849900000000000091e+02
2.848999999999999773e+02
2.849900000000000091e+02
2.848799999999999955e+02
2.848299999999999841e+02
2.848000000000000114e+02
2.847099999999999795e+02
2.846499999999999773e+02
2.847699999999999818e+02
2.845400000000000205e+02
2.846399999999999864e+02
2.846200000000000045e+02
2.848799999999999955e+02
2.847300000000000182e+02
2.847599999999999909e+02
2.849399999999999977e+02
2.849200000000000159e+02
2.850500000000000114e+02
2.849300000000000068e+02
2.849399999999999977e+02
2.848799999999999955e+02
2.849399999999999977e+02
2.848199999999999932e+02
2.849300000000000068e+02
2.848600000000000136e+02
2.847799999999999727e+02
2.848899999999999864e+02
2.847699999999999818e+02
2.847200000000000273e+02
2.847099999999999795e+02
2.847099999999999795e+02
2.848000000000000114e+02
2.848799999999999955e+02
2.847900000000000205e+02
2.848000000000000114e+02
2.847500000000000000e+02
2.847200000000000273e+02
2.846499999999999773e+02
2.845400000000000205e+02
2.846100000000000136e+02
2.844300000000000068e+02
2.845699999999999932e+02
2.846999999999999886e+02
2.849700000000000273e+02
2.848700000000000045e+02
2.849200000000000159e+02
2.850600000000000023e+02
2.850400000000000205e+02
2.849499999999999886e+02
2.848700000000000045e+02
2.849499999999999886e+02
2.847099999999999795e+02
2.849399999999999977e+02
2.848000000000000114e+02
2.849200000000000159e+02
2.848600000000000136e+02
2.848700000000000045e+02
2.846200000000000045e+02
2.846299999999999955e+02
2.846200000000000045e+02
2.846399999999999864e+02
2.847799999999999727e+02
2.848100000000000023e+02
2.847500000000000000e+02
2.847400000000000091e+02
2.848000000000000114e+02
2.845699999999999932e+02
2.847300000000000182e+02
2.846399999999999864e+02
2.847099999999999795e+02
2.846800000000000068e+02
2.845600000000000023e+02
2.845400000000000205e+02
2.847599999999999909e+02
2.845199999999999818e+02
2.844800000000000182e+02
2.844499999999999886e+02
2.843999999999999773e+02
2.846200000000000045e+02
2.846700000000000159e+02
2.845500000000000114e+02
2.846600000000000250e+02
2.847799999999999727e+02
2.849300000000000068e+02
2.847900000000000205e+02
2.848299999999999841e+02
2.847699999999999818e+02
2.847699999999999818e+02
2.846600000000000250e+02
2.847300000000000182e+02
2.846999999999999886e+02
2.847099999999999795e+02
2.846999999999999886e+02
2.845600000000000023e+02
2.844700000000000273e+02
