2.773864746093750000e+01
2.773864746093750000e+01
2.773925781250000000e+01
2.773986816406250000e+01
2.774291992187500000e+01
2.774353027343750000e+01
2.774536132812500000e+01
2.774719238281250000e+01
2.774841308593750000e+01
2.775024414062500000e+01
2.775207519531250000e+01
2.775268554687500000e+01
2.775512695312500000e+01
2.775573730468750000e+01
2.775817871093750000e+01
2.775878906250000000e+01
2.776184082031250000e+01
2.776306152343750000e+01
2.776489257812500000e+01
2.776611328125000000e+01
2.776855468750000000e+01
2.776977539062500000e+01
2.777099609375000000e+01
2.777160644531250000e+01
2.777526855468750000e+01
2.777587890625000000e+01
2.777893066406250000e+01
2.777954101562500000e+01
2.778076171875000000e+01
2.778198242187500000e+01
2.778442382812500000e+01
2.778503417968750000e+01
2.778869628906250000e+01
2.778930664062500000e+01
2.779113769531250000e+01
2.779296875000000000e+01
2.779357910156250000e+01
2.779418945312500000e+01
2.779785156250000000e+01
2.779846191406250000e+01
2.780090332031250000e+01
2.780151367187500000e+01
2.780456542968750000e+01
2.780517578125000000e+01
2.780761718750000000e+01
2.780883789062500000e+01
2.781005859375000000e+01
2.781127929687500000e+01
2.781372070312500000e+01
2.781433105468750000e+01
2.781738281250000000e+01
2.781860351562500000e+01
2.782043457031250000e+01
2.782226562500000000e+01
2.782348632812500000e+01
2.782470703125000000e+01
2.782714843750000000e+01
2.782836914062500000e+01
2.782958984375000000e+01
2.783203125000000000e+01
2.783325195312500000e+01
2.783447265625000000e+01
2.783630371093750000e+01
2.783752441406250000e+01
2.783996582031250000e+01
2.784118652343750000e+01
2.784301757812500000e+01
2.784423828125000000e+01
2.784606933593750000e+01
2.784729003906250000e+01
2.784912109375000000e+01
2.785095214843750000e+01
2.785278320312500000e+01
2.785461425781250000e+01
2.785583496093750000e+01
2.785766601562500000e+01
2.785888671875000000e+01
2.786010742187500000e+01
2.786315917968750000e+01
2.786376953125000000e+01
2.786743164062500000e+01
2.786743164062500000e+01
2.786926269531250000e+01
2.787048339843750000e+01
2.787292480468750000e+01
2.787414550781250000e+01
2.787536621093750000e+01
2.787658691406250000e+01
2.787963867187500000e+01
2.788085937500000000e+01
2.788208007812500000e+01
2.788452148437500000e+01
2.788513183593750000e+01
2.788696289062500000e+01
2.788818359375000000e+01
2.789001464843750000e+01
2.789123535156250000e+01
2.789367675781250000e+01
2.789550781250000000e+01
2.789672851562500000e+01
2.789855957031250000e+01
2.789978027343750000e+01
2.790100097656250000e+01
2.790344238281250000e+01
2.790466308593750000e+01
2.790527343750000000e+01
2.790832519531250000e+01
2.790893554687500000e+01
2.791198730468750000e+01
2.791259765625000000e+01
2.791442871093750000e+01
2.791625976562500000e+01
2.791748046875000000e+01
2.791870117187500000e+01
2.792175292968750000e+01
2.792236328125000000e+01
2.792480468750000000e+01
2.792602539062500000e+01
2.792785644531250000e+01
2.792846679687500000e+01
2.793151855468750000e+01
2.793212890625000000e+01
2.793457031250000000e+01
2.793579101562500000e+01
2.793762207031250000e+01
2.793945312500000000e+01
2.794067382812500000e+01
2.794189453125000000e+01
2.794372558593750000e+01
2.794555664062500000e+01
2.794677734375000000e+01
2.794860839843750000e+01
2.795043945312500000e+01
2.795166015625000000e+01
2.795410156250000000e+01
2.795471191406250000e+01
2.795715332031250000e+01
2.795837402343750000e+01
2.796020507812500000e+01
2.796142578125000000e+01
2.796386718750000000e+01
2.796447753906250000e+01
2.796691894531250000e+01
2.796813964843750000e+01
2.797119140625000000e+01
2.797180175781250000e+01
2.797363281250000000e+01
2.797424316406250000e+01
2.797668457031250000e+01
2.797790527343750000e+01
2.797912597656250000e+01
2.798095703125000000e+01
2.798278808593750000e+01
2.798400878906250000e+01
2.798645019531250000e+01
2.798706054687500000e+01
2.799011230468750000e+01
2.799072265625000000e+01
2.799255371093750000e+01
2.799316406250000000e+01
2.799682617187500000e+01
2.799743652343750000e+01
2.799987792968750000e+01
2.800048828125000000e+01
2.800292968750000000e+01
2.800354003906250000e+01
2.800537109375000000e+01
2.800598144531250000e+01
2.800964355468750000e+01
2.801025390625000000e+01
2.801330566406250000e+01
2.801391601562500000e+01
2.801513671875000000e+01
2.801696777343750000e+01
2.801879882812500000e+01
2.801940917968750000e+01
2.802185058593750000e+01
2.802246093750000000e+01
2.802551269531250000e+01
2.802612304687500000e+01
2.802856445312500000e+01
