1.543178768250806021e+00
1.543178768250806021e+00
1.543178768250806021e+00
1.543210028468448902e+00
1.543335067587767506e+00
1.543366326929766386e+00
1.543491362546332235e+00
1.543522621012598517e+00
1.543678910716502539e+00
1.543710168131772420e+00
1.543866452580376691e+00
1.543897708944523162e+00
1.544022732649076746e+00
1.544085243450084466e+00
1.544116498587758457e+00
1.544241517386173879e+00
1.544335279644991399e+00
1.544397786941295481e+00
1.544522799430797511e+00
1.544554052115005627e+00
1.544710312906860672e+00
1.544741564539370060e+00
1.544835318385111567e+00
1.544897820072414829e+00
1.544991571288511167e+00
1.545022821343233987e+00
1.545179068986865412e+00
1.545210317989570425e+00
1.545335312246868709e+00
1.545366560372795073e+00
1.545491551122800900e+00
1.545522798371859796e+00
1.545679031986321617e+00
1.545710278183022757e+00
1.545866506535375828e+00
1.545866506535375828e+00
1.545991486059663300e+00
1.546022730502150555e+00
1.546210193472693506e+00
1.546210193472693506e+00
1.546366407789636410e+00
1.546397650126599688e+00
1.546522617719583215e+00
1.546585100463103712e+00
1.546678823262090274e+00
1.546710063844059846e+00
1.546835024416714832e+00
1.546866264121054657e+00
1.547022460009635170e+00
1.547053698660702636e+00
1.547178651509358183e+00
1.547209889282600503e+00
1.547334838619780495e+00
1.547397312234845668e+00
1.547491021340458683e+00
1.547522257357786257e+00
1.547678434810187298e+00
1.547709669773795538e+00
1.547834607871869883e+00
1.547865841957281496e+00
1.548022009749516537e+00
1.548053242780974559e+00
1.548146940821307105e+00
1.548209405303125008e+00
1.548334332158464832e+00
1.548365563433050651e+00
1.548521717170308509e+00
1.548552947390601009e+00
1.548646636997096149e+00
1.548677866514455159e+00
1.548834011465048288e+00
1.548896468214991051e+00
1.549021379605644899e+00
1.549052607013864380e+00
1.549177514888859797e+00
1.549208741418120816e+00
1.549333645777103863e+00
1.549364871427317158e+00
1.549520997041010428e+00
1.549552221636249838e+00
1.549708341974755266e+00
1.549739565514893114e+00
1.549833235080116722e+00
1.549895680577572543e+00
1.550020569461890929e+00
1.550051791243242993e+00
1.550176676609635651e+00
1.550207897511461930e+00
1.550363999381786151e+00
1.550426438898406589e+00
1.550520096853773344e+00
1.550582534610934538e+00
1.550676189926980308e+00
1.550769843659305369e+00
1.550801061218126442e+00
1.550894712838675860e+00
1.550988362875281634e+00
1.551082011327848731e+00
1.551175658196280782e+00
1.551238088561780248e+00
1.551300518223148517e+00
1.551394161394894278e+00
1.551487802982186359e+00
1.551550229826748506e+00
1.551675081403027567e+00
1.551706293856900176e+00
1.551862353484906532e+00
1.551893564882211418e+00
1.552018408710324593e+00
1.552049619227058308e+00
1.552174459532711381e+00
1.552268087912504813e+00
1.552330505951625028e+00
1.552392923286118664e+00
1.552517755841112734e+00
1.552580171061556324e+00
1.552704999388196283e+00
1.552736206029366794e+00
1.552829824895649136e+00
1.552892236592110065e+00
1.553017057870358375e+00
1.553048262749342934e+00
1.553173080502864734e+00
1.553204284500623311e+00
1.553360301845508884e+00
1.553422707549573234e+00
1.553485112548515401e+00
1.553578718724761831e+00
1.553641121960773752e+00
1.553765926317105306e+00
1.553828327437367651e+00
1.553890727852323739e+00
1.553953127561944925e+00
1.554077924865069793e+00
1.554109123749972454e+00
1.554233917525962738e+00
1.554265115529037455e+00
1.554452299843462670e+00
1.554483496611829718e+00
1.554608281921253443e+00
1.554608281921253443e+00
1.554733064408034604e+00
1.554826649420625317e+00
1.554857844071947381e+00
1.555045008274442031e+00
1.555045008274442031e+00
1.555169780880192087e+00
1.555200973590440849e+00
1.555325742666578526e+00
1.555356934494380505e+00
1.555481700040551196e+00
1.555512890985817354e+00
1.555668843064309526e+00
1.555700032950416256e+00
1.555824790729415152e+00
1.555855979732790884e+00
1.556011922101247835e+00
1.556043110045230327e+00
1.556136672817694855e+00
1.556167860055344132e+00
1.556323793594638127e+00
1.556354979772681446e+00
1.556479722718686620e+00
1.556510908013627903e+00
1.556666831838798615e+00
1.556698016073900570e+00
1.556822751247750380e+00
1.556853934599555789e+00
1.556947483594937953e+00
1.557041031000194531e+00
1.557134576815230487e+00
1.557196939808418001e+00
1.557259302094769815e+00
1.557384024546853762e+00
1.557446384712529053e+00
1.557539923635504531e+00
1.557602282033754726e+00
1.557695818305459445e+00
1.557820530859666208e+00
1.557851708556277526e+00
1.557945240585398183e+00
1.558038771023374514e+00
