2.847799999999999727e+02
2.846700000000000159e+02
2.846999999999999886e+02
2.848299999999999841e+02
2.848999999999999773e+02
2.849800000000000182e+02
2.848399999999999750e+02
2.848999999999999773e+02
2.848199999999999932e+02
2.849900000000000091e+02
2.850799999999999841e+02
2.848899999999999864e+02
2.846200000000000045e+02
2.847799999999999727e+02
2.848799999999999955e+02
2.851499999999999773e+02
2.850099999999999909e+02
2.849800000000000182e+02
2.846999999999999886e+02
2.849499999999999886e+02
2.848999999999999773e+02
2.851399999999999864e+02
2.850500000000000114e+02
2.851999999999999886e+02
2.850699999999999932e+02
2.850699999999999932e+02
2.850799999999999841e+02
2.851200000000000045e+02
2.849200000000000159e+02
2.849300000000000068e+02
2.850899999999999750e+02
2.849800000000000182e+02
2.850199999999999818e+02
2.850799999999999841e+02
2.849499999999999886e+02
2.850299999999999727e+02
2.851299999999999955e+02
2.852900000000000205e+02
2.853899999999999864e+02
2.856000000000000227e+02
2.855199999999999818e+02
2.856000000000000227e+02
2.860099999999999909e+02
2.860500000000000114e+02
2.863100000000000023e+02
2.863100000000000023e+02
2.869200000000000159e+02
2.873500000000000227e+02
2.878399999999999750e+02
2.881800000000000068e+02
2.888000000000000114e+02
2.893600000000000136e+02
2.902799999999999727e+02
2.905000000000000000e+02
2.912599999999999909e+02
2.910299999999999727e+02
2.913000000000000114e+02
2.909200000000000159e+02
2.899900000000000091e+02
2.900600000000000023e+02
2.893199999999999932e+02
2.889900000000000091e+02
2.878600000000000136e+02
2.878500000000000227e+02
2.869300000000000068e+02
2.867699999999999818e+02
2.863600000000000136e+02
2.861800000000000068e+02
2.859800000000000182e+02
2.856200000000000045e+02
2.857300000000000182e+02
2.855299999999999727e+02
2.854800000000000182e+02
2.854399999999999977e+02
2.853999999999999773e+02
2.854300000000000068e+02
2.854599999999999795e+02
2.854100000000000250e+02
2.853700000000000045e+02
2.853600000000000136e+02
2.851899999999999977e+02
2.851499999999999773e+02
2.851499999999999773e+02
2.851200000000000045e+02
2.849700000000000273e+02
2.850400000000000205e+02
2.848999999999999773e+02
2.851299999999999955e+02
2.850600000000000023e+02
2.849100000000000250e+02
2.850199999999999818e+02
2.848600000000000136e+02
2.849200000000000159e+02
2.850400000000000205e+02
2.848500000000000227e+02
2.848899999999999864e+02
2.848000000000000114e+02
2.849200000000000159e+02
2.846999999999999886e+02
2.850099999999999909e+02
2.850699999999999932e+02
2.850099999999999909e+02
2.848199999999999932e+02
2.849599999999999795e+02
2.848500000000000227e+02
2.847200000000000273e+02
2.846700000000000159e+02
2.847300000000000182e+02
2.848000000000000114e+02
2.846499999999999773e+02
2.848199999999999932e+02
2.848600000000000136e+02
2.849100000000000250e+02
2.846800000000000068e+02
2.847099999999999795e+02
2.846399999999999864e+02
2.846399999999999864e+02
2.847099999999999795e+02
2.843999999999999773e+02
2.846299999999999955e+02
2.846100000000000136e+02
2.846399999999999864e+02
2.847099999999999795e+02
2.847400000000000091e+02
2.848299999999999841e+02
2.847099999999999795e+02
2.847200000000000273e+02
2.846899999999999977e+02
2.849100000000000250e+02
2.849100000000000250e+02
2.847599999999999909e+02
2.846000000000000227e+02
2.846899999999999977e+02
2.847099999999999795e+02
2.847599999999999909e+02
2.848299999999999841e+02
2.849100000000000250e+02
2.847599999999999909e+02
2.848100000000000023e+02
2.849300000000000068e+02
2.850400000000000205e+02
2.851499999999999773e+02
2.850000000000000000e+02
2.848700000000000045e+02
2.847699999999999818e+02
2.847799999999999727e+02
2.848899999999999864e+02
2.848000000000000114e+02
2.848399999999999750e+02
2.846499999999999773e+02
2.846800000000000068e+02
2.845600000000000023e+02
2.846999999999999886e+02
2.845600000000000023e+02
2.847200000000000273e+02
2.846299999999999955e+02
2.848399999999999750e+02
2.849800000000000182e+02
2.848500000000000227e+02
2.848999999999999773e+02
2.848600000000000136e+02
2.847900000000000205e+02
2.848399999999999750e+02
2.849599999999999795e+02
2.847400000000000091e+02
2.848399999999999750e+02
2.849800000000000182e+02
2.851000000000000227e+02
2.849100000000000250e+02
2.851499999999999773e+02
2.851700000000000159e+02
2.852500000000000000e+02
2.850799999999999841e+02
2.849399999999999977e+02
2.851600000000000250e+02
2.849900000000000091e+02
2.851100000000000136e+02
2.850400000000000205e+02
2.849800000000000182e+02
2.850699999999999932e+02
2.852099999999999795e+02
2.849700000000000273e+02
2.849300000000000068e+02
2.850400000000000205e+02
2.849300000000000068e+02
2.847900000000000205e+02
2.848899999999999864e+02
2.848999999999999773e+02
2.849300000000000068e+02
2.851100000000000136e+02
2.850400000000000205e+02
2.850500000000000114e+02
2.850199999999999818e+02
2.848199999999999932e+02
2.849599999999999795e+02
2.850400000000000205e+02
2.849900000000000091e+02
2.848999999999999773e+02
2.849700000000000273e+02
2.849100000000000250e+02
2.849300000000000068e+02
2.849900000000000091e+02
2.852200000000000273e+02
2.849599999999999795e+02
2.850899999999999750e+02
2.848899999999999864e+02
2.850299999999999727e+02
2.851100000000000136e+02
2.850099999999999909e+02
2.849300000000000068e+02
2.849200000000000159e+02
2.848299999999999841e+02
2.848899999999999864e+02
2.849200000000000159e+02
2.848500000000000227e+02
2.849499999999999886e+02
2.849200000000000159e+02
2.851100000000000136e+02
2.851899999999999977e+02
2.853600000000000136e+02
2.851100000000000136e+02
2.851700000000000159e+02
2.850699999999999932e+02
2.849800000000000182e+02
2.851100000000000136e+02
2.849399999999999977e+02
2.847900000000000205e+02
2.850400000000000205e+02
2.850099999999999909e+02
