1.543557351358462171e+00
1.543557351358462171e+00
1.543557351358462171e+00
1.543588619245074067e+00
1.543713689039839521e+00
1.543744956050592920e+00
1.543901288476552169e+00
1.543901288476552169e+00
1.544057616522508614e+00
1.544088881606060282e+00
1.544245204395428006e+00
1.544276468427598470e+00
1.544432785959738430e+00
1.544464048940399348e+00
1.544526574375925998e+00
1.544589099110368124e+00
1.544745407879043464e+00
1.544776669106904921e+00
1.544901712265321025e+00
1.544932972616649858e+00
1.545089271743464998e+00
1.545120531042837309e+00
1.545214307888910010e+00
1.545245566486906919e+00
1.545401856846532640e+00
1.545433114392360530e+00
1.545589399490820970e+00
1.545620655984352387e+00
1.545683168445225464e+00
1.545745680204489547e+00
1.545870701618075937e+00
1.545901956532922394e+00
1.546089482337907217e+00
1.546120736024689135e+00
1.546214496032309205e+00
1.546308254460765585e+00
1.546339506919309104e+00
1.546433263242065426e+00
1.546558269215566161e+00
1.546589520270196028e+00
1.546745772910697259e+00
1.546777022912242838e+00
1.546902021163126140e+00
1.546964519235338065e+00
1.547058265027039026e+00
1.547120761343720341e+00
1.547214504501992938e+00
1.547276999062966452e+00
1.547401986077887370e+00
1.547495724495317804e+00
1.547558215895570743e+00
1.547620706593363371e+00
1.547714441322876944e+00
1.547808174471694720e+00
1.547901906039721887e+00
1.547933149544427289e+00
1.548089364433019366e+00
1.548120606883725436e+00
1.548214333181757274e+00
1.548339299119462664e+00
1.548370540164638376e+00
1.548433021727864567e+00
1.548557982745716322e+00
1.548589222560866618e+00
1.548714180064112211e+00
1.548776657761271380e+00
1.548870372988850663e+00
1.548932848928423089e+00
1.549057798698286526e+00
1.549089035701297856e+00
1.549213981955420261e+00
1.549245218079452258e+00
1.549401396062442871e+00
1.549432631131582694e+00
1.549557569649827382e+00
1.549620037853912002e+00
1.549713738841162369e+00
1.549776205286703235e+00
1.549901136067354912e+00
1.549963600402409103e+00
1.550088526961832303e+00
1.550150989186144912e+00
1.550244681203284847e+00
1.550338371637144830e+00
1.550400831046738537e+00
1.550463289752580520e+00
1.550556976491749728e+00
1.550619433438091610e+00
1.550744345219196685e+00
1.550806800053903700e+00
1.550900480986076913e+00
1.550994160334301153e+00
1.551056612353097774e+00
1.551150289061193233e+00
1.551181514278517914e+00
1.551306413387517846e+00
1.551368861885789485e+00
1.551462533312831571e+00
1.551587426084056531e+00
1.551618648836690983e+00
1.551712316038124539e+00
1.551774759958653771e+00
1.551868424518736855e+00
1.551962087493881981e+00
1.552055748883993447e+00
1.552086968995117555e+00
1.552243066908732594e+00
1.552305504841176464e+00
1.552399160418679758e+00
1.552461596589532089e+00
1.552555249524515402e+00
1.552648900873859539e+00
1.552711334225797435e+00
1.552773766872936001e+00
1.552929845407098775e+00
1.552961060585271280e+00
1.553085919535644788e+00
1.553148347953391184e+00
1.553210775666139964e+00
1.553304415913330017e+00
1.553366841863459857e+00
