2.773864746093750000e+01
2.773864746093750000e+01
2.773864746093750000e+01
2.773925781250000000e+01
2.774169921875000000e+01
2.774230957031250000e+01
2.774475097656250000e+01
2.774536132812500000e+01
2.774841308593750000e+01
2.774902343750000000e+01
2.775146484375000000e+01
2.775207519531250000e+01
2.775512695312500000e+01
2.775573730468750000e+01
2.775756835937500000e+01
2.775817871093750000e+01
2.776123046875000000e+01
2.776306152343750000e+01
2.776489257812500000e+01
2.776550292968750000e+01
2.776855468750000000e+01
2.776916503906250000e+01
2.777099609375000000e+01
2.777160644531250000e+01
2.777465820312500000e+01
2.777526855468750000e+01
2.777709960937500000e+01
2.777893066406250000e+01
2.778015136718750000e+01
2.778137207031250000e+01
2.778381347656250000e+01
2.778503417968750000e+01
2.778747558593750000e+01
2.778808593750000000e+01
2.779113769531250000e+01
2.779113769531250000e+01
2.779357910156250000e+01
2.779418945312500000e+01
2.779785156250000000e+01
2.779785156250000000e+01
2.780029296875000000e+01
2.780151367187500000e+01
2.780395507812500000e+01
2.780456542968750000e+01
2.780700683593750000e+01
2.780761718750000000e+01
2.781066894531250000e+01
2.781127929687500000e+01
2.781372070312500000e+01
2.781433105468750000e+01
2.781677246093750000e+01
2.781738281250000000e+01
2.782043457031250000e+01
2.782104492187500000e+01
2.782287597656250000e+01
2.782409667968750000e+01
2.782653808593750000e+01
2.782714843750000000e+01
2.782958984375000000e+01
2.783081054687500000e+01
2.783325195312500000e+01
2.783447265625000000e+01
2.783630371093750000e+01
2.783752441406250000e+01
2.783935546875000000e+01
2.784057617187500000e+01
2.784240722656250000e+01
2.784362792968750000e+01
2.784606933593750000e+01
2.784667968750000000e+01
2.784912109375000000e+01
2.784973144531250000e+01
2.785278320312500000e+01
2.785400390625000000e+01
2.785583496093750000e+01
2.785644531250000000e+01
2.785888671875000000e+01
2.785949707031250000e+01
2.786254882812500000e+01
2.786315917968750000e+01
2.786621093750000000e+01
2.786682128906250000e+01
2.786865234375000000e+01
2.786987304687500000e+01
2.787231445312500000e+01
2.787414550781250000e+01
2.787536621093750000e+01
2.787597656250000000e+01
2.787902832031250000e+01
2.788024902343750000e+01
2.788208007812500000e+01
2.788330078125000000e+01
2.788513183593750000e+01
2.788635253906250000e+01
2.788757324218750000e+01
2.788940429687500000e+01
2.789062500000000000e+01
2.789306640625000000e+01
2.789489746093750000e+01
2.789611816406250000e+01
2.789794921875000000e+01
2.789855957031250000e+01
2.790100097656250000e+01
2.790222167968750000e+01
2.790405273437500000e+01
2.790527343750000000e+01
2.790832519531250000e+01
2.790893554687500000e+01
2.791076660156250000e+01
2.791198730468750000e+01
2.791442871093750000e+01
2.791503906250000000e+01
2.791809082031250000e+01
2.791992187500000000e+01
2.792114257812500000e+01
2.792297363281250000e+01
2.792419433593750000e+01
2.792541503906250000e+01
2.792724609375000000e+01
2.792907714843750000e+01
2.792968750000000000e+01
2.793212890625000000e+01
2.793395996093750000e+01
2.793518066406250000e+01
2.793762207031250000e+01
2.793823242187500000e+01
2.794006347656250000e+01
2.794128417968750000e+01
2.794311523437500000e+01
2.794433593750000000e+01
2.794677734375000000e+01
2.794738769531250000e+01
2.795043945312500000e+01
2.795166015625000000e+01
2.795288085937500000e+01
2.795471191406250000e+01
2.795532226562500000e+01
2.795837402343750000e+01
2.795959472656250000e+01
2.796142578125000000e+01
2.796325683593750000e+01
2.796447753906250000e+01
2.796691894531250000e+01
2.796752929687500000e+01
2.796936035156250000e+01
2.797058105468750000e+01
2.797302246093750000e+01
2.797363281250000000e+01
2.797607421875000000e+01
2.797668457031250000e+01
2.797851562500000000e+01
2.797973632812500000e+01
2.798217773437500000e+01
2.798339843750000000e+01
2.798583984375000000e+01
2.798706054687500000e+01
2.798889160156250000e+01
2.799011230468750000e+01
2.799194335937500000e+01
2.799255371093750000e+01
2.799560546875000000e+01
2.799621582031250000e+01
2.799865722656250000e+01
2.799926757812500000e+01
2.800292968750000000e+01
2.800292968750000000e+01
2.800537109375000000e+01
2.800598144531250000e+01
2.800842285156250000e+01
2.801025390625000000e+01
2.801208496093750000e+01
2.801269531250000000e+01
2.801513671875000000e+01
2.801574707031250000e+01
2.801757812500000000e+01
2.801879882812500000e+01
2.802062988281250000e+01
2.802307128906250000e+01
2.802368164062500000e+01
2.802551269531250000e+01
2.802795410156250000e+01
