2.773864746093750000e+01
2.773864746093750000e+01
2.773864746093750000e+01
2.773925781250000000e+01
2.774169921875000000e+01
2.774230957031250000e+01
2.774475097656250000e+01
2.774536132812500000e+01
2.774841308593750000e+01
2.774902343750000000e+01
2.775207519531250000e+01
2.775268554687500000e+01
2.775512695312500000e+01
2.775634765625000000e+01
2.775695800781250000e+01
2.775939941406250000e+01
2.776123046875000000e+01
2.776245117187500000e+01
2.776489257812500000e+01
2.776550292968750000e+01
2.776855468750000000e+01
2.776916503906250000e+01
2.777099609375000000e+01
2.777221679687500000e+01
2.777404785156250000e+01
2.777465820312500000e+01
2.777770996093750000e+01
2.777832031250000000e+01
2.778076171875000000e+01
2.778137207031250000e+01
2.778381347656250000e+01
2.778442382812500000e+01
2.778747558593750000e+01
2.778808593750000000e+01
2.779113769531250000e+01
2.779113769531250000e+01
2.779357910156250000e+01
2.779418945312500000e+01
2.779785156250000000e+01
2.779785156250000000e+01
2.780090332031250000e+01
2.780151367187500000e+01
2.780395507812500000e+01
2.780517578125000000e+01
2.780700683593750000e+01
2.780761718750000000e+01
2.781005859375000000e+01
2.781066894531250000e+01
2.781372070312500000e+01
2.781433105468750000e+01
2.781677246093750000e+01
2.781738281250000000e+01
2.781982421875000000e+01
2.782104492187500000e+01
2.782287597656250000e+01
2.782348632812500000e+01
2.782653808593750000e+01
2.782714843750000000e+01
2.782958984375000000e+01
2.783020019531250000e+01
2.783325195312500000e+01
2.783386230468750000e+01
2.783569335937500000e+01
2.783691406250000000e+01
2.783935546875000000e+01
2.783996582031250000e+01
2.784301757812500000e+01
2.784362792968750000e+01
2.784545898437500000e+01
2.784606933593750000e+01
2.784912109375000000e+01
2.785034179687500000e+01
2.785278320312500000e+01
2.785339355468750000e+01
2.785583496093750000e+01
2.785644531250000000e+01
2.785888671875000000e+01
2.785949707031250000e+01
2.786254882812500000e+01
2.786315917968750000e+01
2.786621093750000000e+01
2.786682128906250000e+01
2.786865234375000000e+01
2.786987304687500000e+01
2.787231445312500000e+01
2.787292480468750000e+01
2.787536621093750000e+01
2.787597656250000000e+01
2.787902832031250000e+01
2.788024902343750000e+01
2.788208007812500000e+01
2.788330078125000000e+01
2.788513183593750000e+01
2.788696289062500000e+01
2.788757324218750000e+01
2.788940429687500000e+01
2.789123535156250000e+01
2.789306640625000000e+01
2.789489746093750000e+01
2.789611816406250000e+01
2.789733886718750000e+01
2.789916992187500000e+01
2.790100097656250000e+01
2.790222167968750000e+01
2.790466308593750000e+01
2.790527343750000000e+01
2.790832519531250000e+01
2.790893554687500000e+01
2.791137695312500000e+01
2.791198730468750000e+01
2.791442871093750000e+01
2.791625976562500000e+01
2.791748046875000000e+01
2.791870117187500000e+01
2.792114257812500000e+01
2.792236328125000000e+01
2.792480468750000000e+01
2.792541503906250000e+01
2.792724609375000000e+01
2.792846679687500000e+01
2.793090820312500000e+01
2.793151855468750000e+01
2.793395996093750000e+01
2.793457031250000000e+01
2.793762207031250000e+01
2.793884277343750000e+01
2.794006347656250000e+01
2.794189453125000000e+01
2.794311523437500000e+01
2.794555664062500000e+01
2.794677734375000000e+01
2.794799804687500000e+01
2.794921875000000000e+01
2.795166015625000000e+01
2.795227050781250000e+01
2.795471191406250000e+01
2.795532226562500000e+01
2.795898437500000000e+01
2.795959472656250000e+01
2.796203613281250000e+01
2.796203613281250000e+01
2.796447753906250000e+01
2.796630859375000000e+01
2.796691894531250000e+01
2.797058105468750000e+01
2.797058105468750000e+01
2.797302246093750000e+01
2.797363281250000000e+01
2.797607421875000000e+01
2.797668457031250000e+01
2.797912597656250000e+01
2.797973632812500000e+01
2.798278808593750000e+01
2.798339843750000000e+01
2.798583984375000000e+01
2.798645019531250000e+01
2.798950195312500000e+01
2.799011230468750000e+01
2.799194335937500000e+01
2.799255371093750000e+01
2.799560546875000000e+01
2.799621582031250000e+01
2.799865722656250000e+01
2.799926757812500000e+01
2.800231933593750000e+01
2.800292968750000000e+01
2.800537109375000000e+01
2.800598144531250000e+01
2.800781250000000000e+01
2.800964355468750000e+01
2.801147460937500000e+01
2.801269531250000000e+01
2.801391601562500000e+01
2.801635742187500000e+01
2.801757812500000000e+01
2.801940917968750000e+01
2.802062988281250000e+01
2.802246093750000000e+01
2.802490234375000000e+01
2.802551269531250000e+01
2.802734375000000000e+01
2.802917480468750000e+01
