2.721800000000000068e+02
2.723100000000000023e+02
2.723600000000000136e+02
2.724200000000000159e+02
2.724700000000000273e+02
2.721600000000000250e+02
2.722400000000000091e+02
2.721100000000000136e+02
2.722200000000000273e+02
2.724300000000000068e+02
2.723899999999999864e+02
2.724800000000000182e+02
2.723500000000000227e+02
2.722500000000000000e+02
2.722799999999999727e+02
2.723000000000000114e+02
2.723600000000000136e+02
2.726200000000000045e+02
2.725299999999999727e+02
2.726299999999999955e+02
2.725600000000000023e+02
2.726700000000000159e+02
2.723299999999999841e+02
2.725799999999999841e+02
2.725600000000000023e+02
2.724599999999999795e+02
2.727099999999999795e+02
2.726700000000000159e+02
2.725299999999999727e+02
2.724499999999999886e+02
2.726100000000000136e+02
2.724800000000000182e+02
2.725899999999999750e+02
2.724499999999999886e+02
2.721000000000000227e+02
2.723899999999999864e+02
2.724399999999999977e+02
2.722699999999999818e+02
2.724700000000000273e+02
2.724300000000000068e+02
2.723899999999999864e+02
2.726800000000000068e+02
2.723500000000000227e+02
2.723899999999999864e+02
2.725199999999999818e+02
2.725899999999999750e+02
2.723500000000000227e+02
2.724499999999999886e+02
2.723799999999999955e+02
2.725600000000000023e+02
2.723799999999999955e+02
2.725099999999999909e+02
2.724499999999999886e+02
2.726499999999999773e+02
2.726100000000000136e+02
2.728500000000000227e+02
2.726999999999999886e+02
2.727900000000000205e+02
2.726600000000000250e+02
2.727599999999999909e+02
2.728500000000000227e+02
2.726499999999999773e+02
2.728799999999999955e+02
2.729399999999999977e+02
2.728799999999999955e+02
2.727200000000000273e+02
2.728399999999999750e+02
2.728899999999999864e+02
2.728000000000000114e+02
2.728999999999999773e+02
2.728600000000000136e+02
2.729399999999999977e+02
2.730400000000000205e+02
2.731700000000000159e+02
2.730500000000000114e+02
2.729499999999999886e+02
2.731200000000000045e+02
2.729300000000000068e+02
2.728399999999999750e+02
2.728700000000000045e+02
2.731700000000000159e+02
2.729700000000000273e+02
2.728899999999999864e+02
2.730699999999999932e+02
2.730199999999999818e+02
2.731999999999999886e+02
2.732200000000000273e+02
2.734499999999999886e+02
2.733600000000000136e+02
2.732400000000000091e+02
2.732099999999999795e+02
2.732099999999999795e+02
2.731299999999999955e+02
2.732900000000000205e+02
2.733700000000000045e+02
2.729399999999999977e+02
2.732400000000000091e+02
2.732400000000000091e+02
2.731800000000000068e+02
2.731700000000000159e+02
2.730199999999999818e+02
2.729399999999999977e+02
2.728399999999999750e+02
2.729100000000000250e+02
2.727599999999999909e+02
2.726999999999999886e+02
2.728100000000000023e+02
2.726700000000000159e+02
2.725000000000000000e+02
2.725699999999999932e+02
2.725099999999999909e+02
2.727300000000000182e+02
2.725500000000000114e+02
2.726499999999999773e+02
2.725400000000000205e+02
2.725400000000000205e+02
2.725799999999999841e+02
2.727900000000000205e+02
2.728000000000000114e+02
2.727699999999999818e+02
2.726000000000000227e+02
