9.675883927813818675e-01
9.675883927813818675e-01
9.676222184641486423e-01
9.676222184641486423e-01
9.676560440371105853e-01
9.678251702547165936e-01
9.678251702547165936e-01
9.679942937266308167e-01
9.680281180914883654e-01
9.681972382679392419e-01
9.682310619736349544e-01
9.684001788539313704e-01
9.684340019003272459e-01
9.685692929869048617e-01
9.686031154837784207e-01
9.687722263193310202e-01
9.688060481566515003e-01
9.689413344065049838e-01
9.690089768717212726e-01
9.691104397448206953e-01
9.691442604825786233e-01
9.692795423337984273e-01
9.694148224251346591e-01
9.694486421729583414e-01
9.695501007563421814e-01
9.696515583495154411e-01
9.697191961947959626e-01
9.698206521373875511e-01
9.699221070894922248e-01
9.699559251867344578e-01
9.700911964749696637e-01
9.701588314585937178e-01
9.702264660018478093e-01
9.703617337671235354e-01
9.704631834348808050e-01
9.705308159960901460e-01
9.706322640118841827e-01
9.706998954716891115e-01
9.707675264908784962e-01
9.709027872072872878e-01
9.710042315877498442e-01
9.710718606237891404e-01
9.712409312853886867e-01
9.712409312853886867e-01
9.713761858308160857e-01
9.714099991916058663e-01
9.715452515323823590e-01
9.716466896303548317e-01
9.717481267359753261e-01
9.718157509216978074e-01
9.719171863731683736e-01
9.719848094560281648e-01
9.720524320976891008e-01
9.721538652328658436e-01
9.722891078686191069e-01
9.723567285245057201e-01
9.724919685121452551e-01
9.725257782331716561e-01
9.726948251828103631e-01
9.726948251828103631e-01
9.728300607556994439e-01
9.728638693729423359e-01
9.730329108030877361e-01
9.730667187578764254e-01
9.732019494727672804e-01
9.732695641676013532e-01
9.734047922318926904e-01
9.734724056012885596e-01
9.735738248268590578e-01
9.736076310144278212e-01
9.737766602949359251e-01
9.738442712336448093e-01
9.739456868128681943e-01
9.740132966464125630e-01
9.740809060378373685e-01
9.741485149871117466e-01
9.742837315590870961e-01
9.743175354256893295e-01
9.744189463620932523e-01
9.745203563033141281e-01
9.746555680100331687e-01
9.746893706602155483e-01
9.748245801548409695e-01
9.748921842384371539e-01
9.749935895340998693e-01
9.750949938339920076e-01
9.751963971380106511e-01
9.752639987873753524e-01
9.753315999940530556e-01
9.754330009739631269e-01
9.755344009576546460e-01
9.756020003932762696e-01
9.756695993860570182e-01
9.757709970448347203e-01
9.758723937070483689e-01
9.759399909281596397e-01
9.760413859292026428e-01
9.761427799334054800e-01
9.762441729406644564e-01
9.763117677249282256e-01
9.764469559639366025e-01
9.765145494186197039e-01
9.766159387695316774e-01
9.766835311160197985e-01
9.767849188044960274e-01
9.768525100425977659e-01
9.769876911885452264e-01
9.770552810963299972e-01
9.771228705606143095e-01
9.771566651264342873e-01
9.772580481585589895e-01
9.773932239821342405e-01
9.774270176607540161e-01
9.775621912660219515e-01
9.775959843900169366e-01
9.777649483458685786e-01
9.778325331515469454e-01
9.779339095278298810e-01
9.780352849053397524e-01
9.781028679354211164e-01
9.782718235681630015e-01
9.783056143616873923e-01
9.784407764255763640e-01
9.784745666639775852e-01
9.785759367129481801e-01
9.786435161903636049e-01
9.787786738125000552e-01
9.788124629403670562e-01
9.789476183410517063e-01
9.789814069135079899e-01
9.791165600923575907e-01
9.791841360151437579e-01
9.792854990659385361e-01
9.793530738775004796e-01
9.794882221669636291e-01
9.795557956448033288e-01
9.796909412665461003e-01
9.797247273940556944e-01
9.798936563638579456e-01
9.798936563638579456e-01
9.800625825537305769e-01
9.800963674580711604e-01
9.802315059631940830e-01
9.802652903113955318e-01
9.804342103837359046e-01
9.804679940644434044e-01
9.805693444389773639e-01
9.806031276746126624e-01
9.807720421835474101e-01
9.808396072080698413e-01
9.809747359214301410e-01
9.810422996102062809e-01
9.811774256517976633e-01
9.812112068838478862e-01
9.813125499119031980e-01
9.813801113738220838e-01
9.815152329612386595e-01
9.815490130796493684e-01
9.817179120008509008e-01
9.817179120008509008e-01
9.818192500167520764e-01
9.818868081369473977e-01
9.819543658114490148e-01
9.820894798232497891e-01
9.821232580475934837e-01
9.821908141619266619e-01
9.822583698304284683e-01
9.824610341606381247e-01
9.824948111588187594e-01
9.826299180365801744e-01
9.826636944772606519e-01
9.827650231302180739e-01
9.828325750079144330e-01
9.829339019879687056e-01
9.830014527503004862e-01
9.831703277039404165e-01
9.832041023599767948e-01
9.833729739664883729e-01
9.834067479530302913e-01
9.835756162117241796e-01
9.836093895286329714e-01
9.836769358275908592e-01
9.837107088096318508e-01
9.838795720453049620e-01
9.839133443575065474e-01
9.840484324897408319e-01
9.841159758858613049e-01
9.842510613379555906e-01
9.843523742542774624e-01
9.844536861652705140e-01
9.845549970708319387e-01
9.846225371159150752e-01
9.847238463455267876e-01
9.847576158652451284e-01
9.849602306366891380e-01
9.849602306366891380e-01
9.850953049155936059e-01
9.851290732058606281e-01
9.852641452489773188e-01
9.853316805997113237e-01
9.854667499593772195e-01
9.855005170197291831e-01
9.856018175297691641e-01
9.857031170332046788e-01
9.858381814717772640e-01
9.858719473017506507e-01
9.860407747734066808e-01
9.860745399320688387e-01
9.862095994476938188e-01
9.862433640468248885e-01
9.863784213241330034e-01
9.864459492912042160e-01
9.865810038820268524e-01
9.866147672498519761e-01
9.867160566815524891e-01
9.867835824095022579e-01
9.869523947696766664e-01
9.869523947696766664e-01
9.870874426418713155e-01
9.871549659059027926e-01
9.872562499617815179e-01
9.873575330093661284e-01
9.874588150485530402e-01
9.875263358477389675e-01
9.876613761013203208e-01
9.877288955556542405e-01
9.877964145616430214e-01
9.878976922299117502e-01
9.879989688892309996e-01
