1.543588619245074067e+00
1.543588619245074067e+00
1.543619886956521192e+00
1.543651154492799993e+00
1.543744956050592920e+00
1.543807489546548561e+00
1.543901288476552169e+00
1.543963820220559668e+00
1.544088881606060282e+00
1.544182675805373606e+00
1.544245204395428006e+00
1.544338995966207273e+00
1.544432785959738430e+00
1.544495311745796462e+00
1.544557836830784181e+00
1.544651623143697305e+00
1.544745407879043464e+00
1.544839191036725845e+00
1.544901712265321025e+00
1.545026752618718691e+00
1.545058012268757386e+00
1.545151790166871431e+00
1.545214307888910010e+00
1.545276824909551650e+00
1.545433114392360530e+00
1.545464371762814704e+00
1.545620655984352387e+00
1.545651912302488107e+00
1.545745680204489547e+00
1.545776935821009168e+00
1.545933211272342067e+00
1.545933211272342067e+00
1.546089482337907217e+00
1.546183242871893793e+00
1.546245749017261861e+00
1.546339506919309104e+00
1.546402011309962798e+00
1.546495766579804920e+00
1.546589520270196028e+00
1.546652021852936931e+00
1.546745772910697259e+00
1.546839522388751886e+00
1.546902021163126140e+00
1.547027016605359018e+00
1.547058265027039026e+00
1.547183256958140074e+00
1.547214504501992938e+00
1.547308246080080218e+00
1.547401986077887370e+00
1.547464478531777488e+00
1.547589461332276484e+00
1.547714441322876944e+00
1.547745685881453781e+00
1.547839418503352160e+00
1.547901906039721887e+00
1.548026879004583689e+00
1.548089364433019366e+00
1.548183091258098276e+00
1.548245574929726809e+00
1.548370540164638376e+00
1.548401781034106639e+00
1.548526742754837482e+00
1.548589222560866618e+00
1.548682940951911391e+00
1.548745419000566503e+00
1.548839134755416902e+00
1.548932848928423089e+00
1.548995324164911036e+00
1.549057798698286526e+00
1.549120272528520470e+00
1.549245218079452258e+00
1.549338925396694711e+00
1.549401396062442871e+00
1.549526335284020506e+00
1.549588803839792694e+00
1.549682505354600393e+00
1.549744972151864131e+00
1.549838671028776815e+00
1.549901136067354912e+00
1.550026064033910966e+00
1.550088526961832303e+00
1.550213450706819929e+00
1.550244681203284847e+00
1.550338371637144830e+00
1.550432060487630048e+00
1.550525747754644135e+00
1.550556976491749728e+00
1.550681889680582959e+00
1.550744345219196685e+00
1.550869254184675583e+00
1.550900480986076913e+00
1.551025386431703401e+00
1.551056612353097774e+00
1.551181514278517914e+00
1.551275188874319699e+00
1.551337637724675700e+00
1.551400085870855650e+00
1.551524980050574598e+00
1.551587426084056531e+00
1.551649871413249615e+00
1.551743538086434171e+00
1.551774759958653771e+00
1.551930866678276955e+00
1.551993308133371885e+00
1.552055748883993447e+00
1.552149408688975551e+00
1.552243066908732594e+00
1.552336723543169539e+00
1.552399160418679758e+00
1.552524032055698555e+00
1.552555249524515402e+00
1.552648900873859539e+00
1.552742550637468577e+00
1.552867414522082878e+00
1.552929845407098775e+00
1.553054705062405949e+00
1.553085919535644788e+00
1.553210775666139964e+00
1.553241989258131062e+00
1.553304415913330017e+00
1.553429267108493050e+00
