2.850699999999999932e+02
2.848799999999999955e+02
2.850099999999999909e+02
2.850099999999999909e+02
2.852400000000000091e+02
2.850899999999999750e+02
2.850000000000000000e+02
2.851299999999999955e+02
2.851499999999999773e+02
2.850699999999999932e+02
2.847599999999999909e+02
2.848399999999999750e+02
2.847200000000000273e+02
2.848199999999999932e+02
2.850299999999999727e+02
2.852500000000000000e+02
2.850299999999999727e+02
2.851800000000000068e+02
2.848399999999999750e+02
2.850299999999999727e+02
2.849599999999999795e+02
2.850199999999999818e+02
2.849599999999999795e+02
2.848199999999999932e+02
2.850299999999999727e+02
2.849800000000000182e+02
2.850199999999999818e+02
2.847799999999999727e+02
2.848399999999999750e+02
2.848999999999999773e+02
2.848999999999999773e+02
2.848399999999999750e+02
2.849499999999999886e+02
2.850500000000000114e+02
2.852599999999999909e+02
2.853999999999999773e+02
2.855199999999999818e+02
2.853999999999999773e+02
2.857599999999999909e+02
2.858199999999999932e+02
2.861000000000000227e+02
2.858199999999999932e+02
2.858700000000000045e+02
2.863000000000000114e+02
2.865899999999999750e+02
2.865199999999999818e+02
2.872099999999999795e+02
2.873999999999999773e+02
2.883399999999999750e+02
2.883199999999999932e+02
2.890099999999999909e+02
2.893399999999999750e+02
2.898299999999999841e+02
2.899700000000000273e+02
2.909599999999999795e+02
2.910799999999999841e+02
2.913500000000000227e+02
2.913299999999999841e+02
2.911899999999999977e+02
2.909800000000000182e+02
2.906100000000000136e+02
2.896999999999999886e+02
2.884100000000000250e+02
2.881100000000000136e+02
2.873000000000000114e+02
2.866700000000000159e+02
2.863999999999999773e+02
2.862900000000000205e+02
2.859200000000000159e+02
2.859499999999999886e+02
2.855600000000000023e+02
2.855899999999999750e+02
2.853700000000000045e+02
2.852699999999999818e+02
2.851899999999999977e+02
2.850099999999999909e+02
2.850600000000000023e+02
2.848399999999999750e+02
2.849499999999999886e+02
2.850400000000000205e+02
2.851399999999999864e+02
2.849800000000000182e+02
2.849800000000000182e+02
2.848299999999999841e+02
2.848199999999999932e+02
2.847699999999999818e+02
2.848100000000000023e+02
2.847699999999999818e+02
2.851100000000000136e+02
2.848799999999999955e+02
2.849100000000000250e+02
2.849200000000000159e+02
2.849300000000000068e+02
2.849499999999999886e+02
2.849200000000000159e+02
2.848399999999999750e+02
2.849399999999999977e+02
2.850000000000000000e+02
2.849300000000000068e+02
2.848999999999999773e+02
2.848899999999999864e+02
2.851200000000000045e+02
2.850899999999999750e+02
2.848299999999999841e+02
2.848799999999999955e+02
2.848799999999999955e+02
2.848299999999999841e+02
2.848199999999999932e+02
2.848799999999999955e+02
2.850899999999999750e+02
2.847799999999999727e+02
2.850500000000000114e+02
2.851899999999999977e+02
2.850799999999999841e+02
2.851600000000000250e+02
2.851299999999999955e+02
2.850000000000000000e+02
2.850500000000000114e+02
2.849700000000000273e+02
2.849900000000000091e+02
2.853100000000000023e+02
2.852099999999999795e+02
2.852699999999999818e+02
2.850799999999999841e+02
2.850500000000000114e+02
2.848799999999999955e+02
2.847799999999999727e+02
2.850799999999999841e+02
2.852099999999999795e+02
2.850000000000000000e+02
2.851700000000000159e+02
2.851600000000000250e+02
2.850299999999999727e+02
2.848899999999999864e+02
2.847699999999999818e+02
2.846299999999999955e+02
2.848700000000000045e+02
2.847799999999999727e+02
2.846899999999999977e+02
2.848500000000000227e+02
2.852900000000000205e+02
2.851600000000000250e+02
2.852799999999999727e+02
2.853000000000000114e+02
2.850000000000000000e+02
2.850299999999999727e+02
2.850899999999999750e+02
2.850600000000000023e+02
2.848799999999999955e+02
2.848799999999999955e+02
2.850600000000000023e+02
2.852799999999999727e+02
2.849900000000000091e+02
2.849499999999999886e+02
2.849599999999999795e+02
2.850199999999999818e+02
2.851100000000000136e+02
2.850799999999999841e+02
2.852300000000000182e+02
2.849399999999999977e+02
2.849499999999999886e+02
2.851000000000000227e+02
2.850500000000000114e+02
2.854300000000000068e+02
2.853700000000000045e+02
2.853600000000000136e+02
2.852599999999999909e+02
2.852599999999999909e+02
2.851399999999999864e+02
2.848999999999999773e+02
2.850699999999999932e+02
2.851100000000000136e+02
2.851700000000000159e+02
2.850899999999999750e+02
2.851000000000000227e+02
2.849900000000000091e+02
2.849499999999999886e+02
2.849300000000000068e+02
2.849100000000000250e+02
2.846200000000000045e+02
2.848899999999999864e+02
2.847500000000000000e+02
2.847200000000000273e+02
2.847599999999999909e+02
2.847500000000000000e+02
2.849100000000000250e+02
2.848399999999999750e+02
2.849100000000000250e+02
2.849900000000000091e+02
2.848199999999999932e+02
2.847699999999999818e+02
2.848600000000000136e+02
2.849200000000000159e+02
2.848500000000000227e+02
2.847799999999999727e+02
2.850199999999999818e+02
2.850199999999999818e+02
2.850299999999999727e+02
2.850400000000000205e+02
2.848999999999999773e+02
2.849200000000000159e+02
2.848199999999999932e+02
2.848500000000000227e+02
2.850699999999999932e+02
2.851000000000000227e+02
2.850099999999999909e+02
2.852200000000000273e+02
2.851700000000000159e+02
2.851800000000000068e+02
2.852799999999999727e+02
2.851100000000000136e+02
2.848500000000000227e+02
2.850699999999999932e+02
2.851000000000000227e+02
2.849800000000000182e+02
2.848399999999999750e+02
2.851100000000000136e+02
2.848600000000000136e+02
2.849200000000000159e+02
2.847900000000000205e+02
2.846999999999999886e+02
2.844599999999999795e+02
2.848899999999999864e+02
2.850000000000000000e+02
2.850000000000000000e+02
2.849900000000000091e+02
2.848500000000000227e+02
2.849100000000000250e+02
2.847799999999999727e+02
