1.543588619245074067e+00
1.543588619245074067e+00
1.543619886956521192e+00
1.543651154492799993e+00
1.543744956050592920e+00
1.543807489546548561e+00
1.543901288476552169e+00
1.543963820220559668e+00
1.544057616522508614e+00
1.544151411247496553e+00
1.544276468427598470e+00
1.544338995966207273e+00
1.544401522803817262e+00
1.544495311745796462e+00
1.544557836830784181e+00
1.544620361214673609e+00
1.544745407879043464e+00
1.544839191036725845e+00
1.544901712265321025e+00
1.545058012268757386e+00
1.545089271743464998e+00
1.545183049115563589e+00
1.545245566486906919e+00
1.545276824909551650e+00
1.545401856846532640e+00
1.545464371762814704e+00
1.545589399490820970e+00
1.545651912302488107e+00
1.545714424412560462e+00
1.545808191262115772e+00
1.545901956532922394e+00
1.545964465836330737e+00
1.546089482337907217e+00
1.546183242871893793e+00
1.546245749017261861e+00
1.546339506919309104e+00
1.546402011309962798e+00
1.546464514998680650e+00
1.546589520270196028e+00
1.546652021852936931e+00
1.546745772910697259e+00
1.546839522388751886e+00
1.546902021163126140e+00
1.547027016605359018e+00
1.547058265027039026e+00
1.547183256958140074e+00
1.547214504501992938e+00
1.547308246080080218e+00
1.547401986077887370e+00
1.547464478531777488e+00
1.547589461332276484e+00
1.547683196588667043e+00
1.547745685881453781e+00
1.547870662359362326e+00
1.547901906039721887e+00
1.548026879004583689e+00
1.548089364433019366e+00
1.548183091258098276e+00
1.548214333181757274e+00
1.548370540164638376e+00
1.548401781034106639e+00
1.548526742754837482e+00
1.548589222560866618e+00
1.548620462200285042e+00
1.548714180064112211e+00
1.548839134755416902e+00
1.548901611046520799e+00
1.548995324164911036e+00
1.549057798698286526e+00
1.549120272528520470e+00
1.549245218079452258e+00
1.549338925396694711e+00
1.549401396062442871e+00
1.549526335284020506e+00
1.549557569649827382e+00
1.549682505354600393e+00
1.549713738841162369e+00
1.549838671028776815e+00
1.549901136067354912e+00
1.550026064033910966e+00
1.550057295585820949e+00
1.550182220034438840e+00
1.550275911523829375e+00
1.550307141668450850e+00
1.550432060487630048e+00
1.550494518841586400e+00
1.550588205052900070e+00
1.550744345219196685e+00
1.550744345219196685e+00
1.550838027207283032e+00
1.550900480986076913e+00
1.551025386431703401e+00
1.551056612353097774e+00
1.551150289061193233e+00
1.551212739319816070e+00
1.551306413387517846e+00
1.551400085870855650e+00
1.551493756769733778e+00
1.551587426084056531e+00
1.551681093813728651e+00
1.551743538086434171e+00
1.551805981654780009e+00
1.551899645686560802e+00
1.551993308133371885e+00
1.552055748883993447e+00
1.552149408688975551e+00
1.552243066908732594e+00
1.552367942069005080e+00
1.552399160418679758e+00
1.552524032055698555e+00
1.552555249524515402e+00
1.552648900873859539e+00
1.552711334225797435e+00
1.552867414522082878e+00
1.552929845407098775e+00
1.553054705062405949e+00
1.553085919535644788e+00
1.553179561897892080e+00
1.553210775666139964e+00
1.553335628976530325e+00
