2.787599999999999909e+02
2.786700000000000159e+02
2.784900000000000091e+02
2.785199999999999818e+02
2.786200000000000045e+02
2.786700000000000159e+02
2.783700000000000045e+02
2.784599999999999795e+02
2.785400000000000205e+02
2.785799999999999841e+02
2.786399999999999864e+02
2.785699999999999932e+02
2.783600000000000136e+02
2.783299999999999841e+02
2.783399999999999750e+02
2.784300000000000068e+02
2.785199999999999818e+02
2.784900000000000091e+02
2.787799999999999727e+02
2.788199999999999932e+02
2.787699999999999818e+02
2.787400000000000091e+02
2.787099999999999795e+02
2.787900000000000205e+02
2.789800000000000182e+02
2.788000000000000114e+02
2.790500000000000114e+02
2.790199999999999818e+02
2.791899999999999977e+02
2.793899999999999864e+02
2.795600000000000023e+02
2.795000000000000000e+02
2.794100000000000250e+02
2.795799999999999841e+02
2.797099999999999795e+02
2.798100000000000023e+02
2.800400000000000205e+02
2.802099999999999795e+02
2.811200000000000045e+02
2.814900000000000091e+02
2.825799999999999841e+02
2.831299999999999955e+02
2.838799999999999955e+02
2.851399999999999864e+02
2.855899999999999750e+02
2.866299999999999955e+02
2.872900000000000205e+02
2.885699999999999932e+02
2.893999999999999773e+02
2.911299999999999955e+02
2.922200000000000273e+02
2.940500000000000114e+02
2.948799999999999955e+02
2.958700000000000045e+02
2.961499999999999773e+02
2.970099999999999909e+02
2.975699999999999932e+02
2.986999999999999886e+02
2.995099999999999909e+02
3.039300000000000068e+02
3.076800000000000068e+02
3.127400000000000091e+02
3.185899999999999750e+02
3.265699999999999932e+02
3.372900000000000205e+02
3.484700000000000273e+02
3.574800000000000182e+02
3.647500000000000000e+02
3.691399999999999864e+02
3.714300000000000068e+02
3.719700000000000273e+02
3.676899999999999977e+02
3.622799999999999727e+02
3.516000000000000227e+02
3.455899999999999750e+02
3.365199999999999818e+02
3.281800000000000068e+02
3.196800000000000068e+02
3.106100000000000136e+02
3.061700000000000159e+02
2.990600000000000023e+02
2.962500000000000000e+02
2.923500000000000227e+02
2.895899999999999750e+02
2.873700000000000045e+02
2.857500000000000000e+02
2.842799999999999727e+02
2.830099999999999909e+02
2.818899999999999864e+02
2.812300000000000182e+02
2.808600000000000136e+02
2.802799999999999727e+02
2.799300000000000068e+02
2.794100000000000250e+02
2.791499999999999773e+02
2.788600000000000136e+02
2.788000000000000114e+02
2.788299999999999841e+02
2.783899999999999864e+02
2.784100000000000250e+02
2.783999999999999773e+02
2.785600000000000023e+02
2.784399999999999977e+02
2.782500000000000000e+02
2.782599999999999909e+02
2.780899999999999750e+02
2.781700000000000159e+02
2.782900000000000205e+02
2.783100000000000023e+02
2.780899999999999750e+02
2.780400000000000205e+02
2.780199999999999818e+02
2.781600000000000250e+02
2.781100000000000136e+02
2.780099999999999909e+02
2.780600000000000023e+02
2.779200000000000159e+02
2.780099999999999909e+02
2.779700000000000273e+02
2.778299999999999841e+02
2.780400000000000205e+02
2.780299999999999727e+02
2.780299999999999727e+02
2.779399999999999977e+02
2.780600000000000023e+02
2.780500000000000114e+02
2.779900000000000091e+02
2.780500000000000114e+02
2.779300000000000068e+02
2.781800000000000068e+02
2.778999999999999773e+02
2.780099999999999909e+02
2.779399999999999977e+02
2.779300000000000068e+02
2.778000000000000114e+02
2.779800000000000182e+02
2.781399999999999864e+02
2.779499999999999886e+02
2.780199999999999818e+02
2.782799999999999727e+02
2.781600000000000250e+02
2.781399999999999864e+02
2.781200000000000045e+02
2.782300000000000182e+02
2.781600000000000250e+02
2.780899999999999750e+02
2.780299999999999727e+02
2.781200000000000045e+02
2.782799999999999727e+02
2.782799999999999727e+02
2.781600000000000250e+02
2.783199999999999932e+02
2.782599999999999909e+02
2.782300000000000182e+02
2.780299999999999727e+02
2.782099999999999795e+02
2.783100000000000023e+02
2.783500000000000227e+02
2.781999999999999886e+02
2.783000000000000114e+02
2.779800000000000182e+02
2.779900000000000091e+02
2.780600000000000023e+02
2.781399999999999864e+02
2.780099999999999909e+02
2.779499999999999886e+02
2.779399999999999977e+02
2.780000000000000000e+02
2.781000000000000227e+02
2.779800000000000182e+02
2.780199999999999818e+02
2.780799999999999841e+02
2.780699999999999932e+02
2.779499999999999886e+02
2.779499999999999886e+02
2.780299999999999727e+02
2.780000000000000000e+02
2.782200000000000273e+02
2.782300000000000182e+02
2.782400000000000091e+02
2.781700000000000159e+02
2.780299999999999727e+02
