2.731499999999999773e+02
2.733000000000000114e+02
2.732599999999999909e+02
2.731600000000000250e+02
2.731100000000000136e+02
2.733399999999999750e+02
2.734300000000000068e+02
2.734300000000000068e+02
2.736399999999999864e+02
2.736999999999999886e+02
2.736299999999999955e+02
2.735199999999999818e+02
2.733600000000000136e+02
2.733899999999999864e+02
2.733500000000000227e+02
2.731100000000000136e+02
2.732200000000000273e+02
2.733700000000000045e+02
2.732799999999999727e+02
2.732599999999999909e+02
2.733000000000000114e+02
2.732300000000000182e+02
2.732599999999999909e+02
2.731000000000000227e+02
2.729900000000000091e+02
2.731899999999999977e+02
2.733299999999999841e+02
2.733299999999999841e+02
2.732799999999999727e+02
2.732200000000000273e+02
2.734300000000000068e+02
2.735400000000000205e+02
2.734900000000000091e+02
2.734800000000000182e+02
2.735000000000000000e+02
2.733199999999999932e+02
2.734499999999999886e+02
2.734800000000000182e+02
2.735099999999999909e+02
2.735299999999999727e+02
2.735600000000000023e+02
2.739499999999999886e+02
2.740199999999999818e+02
2.741299999999999955e+02
2.743600000000000136e+02
2.748199999999999932e+02
2.746000000000000227e+02
2.749499999999999886e+02
2.754900000000000091e+02
2.763700000000000045e+02
2.767799999999999727e+02
2.775000000000000000e+02
2.778000000000000114e+02
2.783899999999999864e+02
2.784900000000000091e+02
2.791200000000000045e+02
2.792400000000000091e+02
2.793899999999999864e+02
2.793999999999999773e+02
2.790299999999999727e+02
2.792799999999999727e+02
2.791200000000000045e+02
2.790000000000000000e+02
2.791700000000000159e+02
2.794499999999999886e+02
2.798500000000000227e+02
2.802400000000000091e+02
2.813600000000000136e+02
2.816600000000000250e+02
2.824200000000000159e+02
2.832200000000000273e+02
2.850000000000000000e+02
2.857500000000000000e+02
2.870899999999999750e+02
2.878899999999999864e+02
2.886499999999999773e+02
2.891499999999999773e+02
2.904800000000000182e+02
2.910199999999999818e+02
2.915799999999999841e+02
2.923299999999999841e+02
2.927500000000000000e+02
2.928899999999999864e+02
2.938199999999999932e+02
2.942799999999999727e+02
2.950099999999999909e+02
2.955500000000000114e+02
2.966100000000000136e+02
2.971399999999999864e+02
2.972799999999999727e+02
2.970600000000000023e+02
2.962799999999999727e+02
2.954900000000000091e+02
2.944300000000000068e+02
2.927099999999999795e+02
2.917200000000000273e+02
2.883799999999999955e+02
2.867900000000000205e+02
2.848799999999999955e+02
2.831499999999999773e+02
2.818000000000000114e+02
2.795099999999999909e+02
2.781100000000000136e+02
2.770099999999999909e+02
2.763999999999999773e+02
2.751800000000000068e+02
2.742500000000000000e+02
2.737500000000000000e+02
2.735099999999999909e+02
2.732699999999999818e+02
2.731700000000000159e+02
2.731299999999999955e+02
2.733100000000000023e+02
2.733700000000000045e+02
2.733799999999999955e+02
2.731399999999999864e+02
2.731700000000000159e+02
2.733299999999999841e+02
2.732099999999999795e+02
2.734200000000000159e+02
2.733399999999999750e+02
2.732799999999999727e+02
2.730699999999999932e+02
2.732300000000000182e+02
2.731399999999999864e+02
2.731800000000000068e+02
2.731399999999999864e+02
2.731700000000000159e+02
2.732099999999999795e+02
2.731200000000000045e+02
2.730699999999999932e+02
2.731299999999999955e+02
2.731100000000000136e+02
2.729399999999999977e+02
2.729599999999999795e+02
2.728399999999999750e+02
2.728899999999999864e+02
2.728700000000000045e+02
2.729399999999999977e+02
2.730199999999999818e+02
2.731899999999999977e+02
2.729800000000000182e+02
2.729100000000000250e+02
2.728999999999999773e+02
2.729399999999999977e+02
2.730400000000000205e+02
2.730799999999999841e+02
2.728199999999999932e+02
2.729300000000000068e+02
2.728399999999999750e+02
2.727300000000000182e+02
2.727300000000000182e+02
2.728399999999999750e+02
2.729800000000000182e+02
2.728700000000000045e+02
2.728700000000000045e+02
2.728600000000000136e+02
2.728700000000000045e+02
2.730000000000000000e+02
2.729200000000000159e+02
2.728600000000000136e+02
2.727300000000000182e+02
2.727900000000000205e+02
2.727599999999999909e+02
2.727699999999999818e+02
2.728299999999999841e+02
2.728700000000000045e+02
2.729399999999999977e+02
2.728600000000000136e+02
2.729100000000000250e+02
2.730199999999999818e+02
2.730000000000000000e+02
2.731200000000000045e+02
2.729399999999999977e+02
2.729300000000000068e+02
2.729200000000000159e+02
2.729700000000000273e+02
2.727900000000000205e+02
2.730699999999999932e+02
2.728999999999999773e+02
2.727500000000000000e+02
