2.725299999999999727e+02
2.725400000000000205e+02
2.726499999999999773e+02
2.725099999999999909e+02
2.725899999999999750e+02
2.728000000000000114e+02
2.727699999999999818e+02
2.731999999999999886e+02
2.729499999999999886e+02
2.731100000000000136e+02
2.730199999999999818e+02
2.732200000000000273e+02
2.732599999999999909e+02
2.735799999999999841e+02
2.736999999999999886e+02
2.736499999999999773e+02
2.737900000000000205e+02
2.741100000000000136e+02
2.741899999999999977e+02
2.746600000000000250e+02
2.747400000000000091e+02
2.748500000000000227e+02
2.748700000000000045e+02
2.755299999999999727e+02
2.759200000000000159e+02
2.763100000000000023e+02
2.766999999999999886e+02
2.768500000000000227e+02
2.771999999999999886e+02
2.776999999999999886e+02
2.784200000000000159e+02
2.788600000000000136e+02
2.794200000000000159e+02
2.800400000000000205e+02
2.802900000000000205e+02
2.813999999999999773e+02
2.815500000000000114e+02
2.848199999999999932e+02
2.856899999999999977e+02
2.877099999999999795e+02
2.891200000000000045e+02
2.928399999999999750e+02
2.948100000000000023e+02
2.985899999999999750e+02
3.005000000000000000e+02
3.063100000000000023e+02
3.114599999999999795e+02
3.186800000000000068e+02
3.237400000000000091e+02
3.348500000000000227e+02
3.406100000000000136e+02
3.515199999999999818e+02
3.547300000000000182e+02
3.612599999999999909e+02
3.636499999999999773e+02
3.707200000000000273e+02
3.717900000000000205e+02
3.761200000000000045e+02
3.778299999999999841e+02
3.836999999999999886e+02
3.858600000000000136e+02
3.898500000000000227e+02
3.929800000000000182e+02
3.965000000000000000e+02
3.983100000000000023e+02
4.007500000000000000e+02
4.009800000000000182e+02
4.007300000000000182e+02
4.002099999999999795e+02
3.991800000000000068e+02
3.986899999999999977e+02
3.979900000000000091e+02
3.978700000000000045e+02
3.978999999999999773e+02
3.979200000000000159e+02
3.979100000000000250e+02
3.980899999999999750e+02
3.988700000000000045e+02
3.998600000000000136e+02
4.047300000000000182e+02
4.067900000000000205e+02
4.105799999999999841e+02
4.116999999999999886e+02
4.114599999999999795e+02
4.098999999999999773e+02
4.001100000000000136e+02
3.944900000000000091e+02
3.762799999999999727e+02
3.663700000000000045e+02
3.469399999999999977e+02
3.354399999999999977e+02
3.212699999999999818e+02
3.115299999999999727e+02
3.029300000000000068e+02
2.956399999999999864e+02
2.876000000000000227e+02
2.833999999999999773e+02
2.796999999999999886e+02
2.771399999999999864e+02
2.754700000000000273e+02
2.744300000000000068e+02
2.734800000000000182e+02
2.728700000000000045e+02
2.725799999999999841e+02
2.724499999999999886e+02
2.720899999999999750e+02
2.721399999999999864e+02
2.721499999999999773e+02
2.721800000000000068e+02
2.720299999999999727e+02
2.719900000000000091e+02
2.718700000000000045e+02
2.718399999999999750e+02
2.720600000000000023e+02
2.721700000000000159e+02
2.720799999999999841e+02
2.720600000000000023e+02
2.720899999999999750e+02
2.720600000000000023e+02
2.722500000000000000e+02
2.721200000000000045e+02
