2.293212890625000000e+01
2.293212890625000000e+01
2.293273925781250000e+01
2.293334960937500000e+01
2.293457031250000000e+01
2.293518066406250000e+01
2.293823242187500000e+01
2.293884277343750000e+01
2.294128417968750000e+01
2.294250488281250000e+01
2.294433593750000000e+01
2.294677734375000000e+01
2.294799804687500000e+01
2.295043945312500000e+01
2.295104980468750000e+01
2.295349121093750000e+01
2.295410156250000000e+01
2.295715332031250000e+01
2.295776367187500000e+01
2.295959472656250000e+01
2.296142578125000000e+01
2.296325683593750000e+01
2.296447753906250000e+01
2.296630859375000000e+01
2.296691894531250000e+01
2.296997070312500000e+01
2.297058105468750000e+01
2.297363281250000000e+01
2.297363281250000000e+01
2.297607421875000000e+01
2.297729492187500000e+01
2.297912597656250000e+01
2.297973632812500000e+01
2.298278808593750000e+01
2.298339843750000000e+01
2.298645019531250000e+01
2.298706054687500000e+01
2.298828125000000000e+01
2.299072265625000000e+01
2.299194335937500000e+01
2.299316406250000000e+01
2.299682617187500000e+01
2.299682617187500000e+01
2.299804687500000000e+01
2.300048828125000000e+01
2.300231933593750000e+01
2.300292968750000000e+01
2.300598144531250000e+01
2.300598144531250000e+01
2.300781250000000000e+01
2.301025390625000000e+01
2.301147460937500000e+01
2.301330566406250000e+01
2.301574707031250000e+01
2.301635742187500000e+01
2.301879882812500000e+01
2.301940917968750000e+01
2.302124023437500000e+01
2.302246093750000000e+01
2.302551269531250000e+01
2.302612304687500000e+01
2.302856445312500000e+01
2.302978515625000000e+01
2.303161621093750000e+01
2.303283691406250000e+01
2.303466796875000000e+01
2.303649902343750000e+01
2.303771972656250000e+01
2.303955078125000000e+01
2.304138183593750000e+01
2.304260253906250000e+01
2.304443359375000000e+01
2.304504394531250000e+01
2.304870605468750000e+01
2.304992675781250000e+01
2.305114746093750000e+01
2.305297851562500000e+01
2.305419921875000000e+01
2.305664062500000000e+01
2.305786132812500000e+01
2.305908203125000000e+01
2.306091308593750000e+01
2.306274414062500000e+01
2.306396484375000000e+01
2.306518554687500000e+01
2.306762695312500000e+01
2.306884765625000000e+01
2.307006835937500000e+01
2.307128906250000000e+01
2.307434082031250000e+01
2.307556152343750000e+01
2.307739257812500000e+01
2.307861328125000000e+01
2.308044433593750000e+01
2.308166503906250000e+01
2.308349609375000000e+01
2.308532714843750000e+01
2.308715820312500000e+01
2.308837890625000000e+01
2.309082031250000000e+01
2.309143066406250000e+01
2.309387207031250000e+01
2.309448242187500000e+01
2.309692382812500000e+01
2.309814453125000000e+01
2.309997558593750000e+01
2.310241699218750000e+01
2.310363769531250000e+01
2.310485839843750000e+01
2.310668945312500000e+01
2.310791015625000000e+01
2.310974121093750000e+01
2.311035156250000000e+01
2.311340332031250000e+01
2.311401367187500000e+01
2.311645507812500000e+01
2.311767578125000000e+01
2.312011718750000000e+01
2.312011718750000000e+01
2.312255859375000000e+01
2.312377929687500000e+01
2.312683105468750000e+01
2.312744140625000000e+01
2.312927246093750000e+01
2.313049316406250000e+01
2.313293457031250000e+01
2.313354492187500000e+01
2.313476562500000000e+01
2.313659667968750000e+01
2.313903808593750000e+01
2.313964843750000000e+01
2.314208984375000000e+01
2.314270019531250000e+01
2.314636230468750000e+01
2.314697265625000000e+01
2.314880371093750000e+01
2.314941406250000000e+01
2.315124511718750000e+01
2.315246582031250000e+01
2.315551757812500000e+01
2.315612792968750000e+01
2.315856933593750000e+01
2.315917968750000000e+01
2.316223144531250000e+01
2.316284179687500000e+01
2.316528320312500000e+01
2.316650390625000000e+01
2.316833496093750000e+01
2.316955566406250000e+01
2.317138671875000000e+01
2.317199707031250000e+01
2.317504882812500000e+01
2.317565917968750000e+01
2.317810058593750000e+01
2.317871093750000000e+01
2.318115234375000000e+01
2.318237304687500000e+01
2.318420410156250000e+01
2.318542480468750000e+01
2.318725585937500000e+01
2.318847656250000000e+01
2.319091796875000000e+01
2.319213867187500000e+01
2.319396972656250000e+01
2.319458007812500000e+01
2.319763183593750000e+01
2.319824218750000000e+01
2.320068359375000000e+01
2.320129394531250000e+01
2.320312500000000000e+01
2.320495605468750000e+01
2.320678710937500000e+01
2.320800781250000000e+01
2.321044921875000000e+01
2.321166992187500000e+01
2.321350097656250000e+01
2.321472167968750000e+01
2.321655273437500000e+01
2.321777343750000000e+01
2.322082519531250000e+01
2.322143554687500000e+01
2.322387695312500000e+01
2.322448730468750000e+01
2.322692871093750000e+01
2.322753906250000000e+01
2.323059082031250000e+01
2.323120117187500000e+01
2.323303222656250000e+01
2.323486328125000000e+01
2.323730468750000000e+01
2.323791503906250000e+01
2.323852539062500000e+01
2.324096679687500000e+01
2.324340820312500000e+01
2.324401855468750000e+01
2.324645996093750000e+01
2.324707031250000000e+01
2.324951171875000000e+01
2.325012207031250000e+01
2.325317382812500000e+01
2.325378417968750000e+01
2.325622558593750000e+01
2.325805664062500000e+01
2.325988769531250000e+01
2.326049804687500000e+01
2.326293945312500000e+01
2.326354980468750000e+01
2.326599121093750000e+01
2.326660156250000000e+01
2.326965332031250000e+01
2.327026367187500000e+01
2.327270507812500000e+01
2.327392578125000000e+01
2.327575683593750000e+01
2.327758789062500000e+01
2.327819824218750000e+01
2.328063964843750000e+01
2.328247070312500000e+01
2.328369140625000000e+01
2.328613281250000000e+01
2.328674316406250000e+01
2.328918457031250000e+01
2.329040527343750000e+01
2.329223632812500000e+01
2.329345703125000000e+01
2.329589843750000000e+01
2.329711914062500000e+01
2.329895019531250000e+01
2.330017089843750000e+01
2.330200195312500000e+01
2.330383300781250000e+01
2.330505371093750000e+01
2.330566406250000000e+01
2.330871582031250000e+01
