1.543588619245074067e+00
1.543588619245074067e+00
1.543588619245074067e+00
1.543619886956521192e+00
1.543744956050592920e+00
1.543776222886163563e+00
1.543901288476552169e+00
1.543963820220559668e+00
1.544057616522508614e+00
1.544151411247496553e+00
1.544245204395428006e+00
1.544338995966207273e+00
1.544401522803817262e+00
1.544495311745796462e+00
1.544557836830784181e+00
1.544651623143697305e+00
1.544745407879043464e+00
1.544839191036725845e+00
1.544932972616649858e+00
1.545026752618718691e+00
1.545089271743464998e+00
1.545183049115563589e+00
1.545214307888910010e+00
1.545276824909551650e+00
1.545433114392360530e+00
1.545464371762814704e+00
1.545620655984352387e+00
1.545651912302488107e+00
1.545745680204489547e+00
1.545776935821009168e+00
1.545933211272342067e+00
1.545933211272342067e+00
1.546089482337907217e+00
1.546120736024689135e+00
1.546245749017261861e+00
1.546308254460765585e+00
1.546433263242065426e+00
1.546464514998680650e+00
1.546589520270196028e+00
1.546620771149320728e+00
1.546745772910697259e+00
1.546839522388751886e+00
1.546902021163126140e+00
1.547027016605359018e+00
1.547089513273160799e+00
1.547152009238714765e+00
1.547245751870269581e+00
1.547308246080080218e+00
1.547401986077887370e+00
1.547495724495317804e+00
1.547558215895570743e+00
1.547683196588667043e+00
1.547745685881453781e+00
1.547839418503352160e+00
1.547901906039721887e+00
1.547964392873475203e+00
1.548089364433019366e+00
1.548151849158753146e+00
1.548214333181757274e+00
1.548339299119462664e+00
1.548401781034106639e+00
1.548464262245907719e+00
1.548557982745716322e+00
1.548620462200285042e+00
1.548745419000566503e+00
1.548807896346222401e+00
1.548901611046520799e+00
1.548964086634554427e+00
1.549057798698286526e+00
1.549120272528520470e+00
1.549245218079452258e+00
1.549307689800093035e+00
1.549401396062442871e+00
1.549495100742374953e+00
1.549557569649827382e+00
1.549682505354600393e+00
1.549713738841162369e+00
1.549838671028776815e+00
1.549901136067354912e+00
1.550026064033910966e+00
1.550057295585820949e+00
1.550150989186144912e+00
1.550244681203284847e+00
1.550307141668450850e+00
1.550432060487630048e+00
1.550463289752580520e+00
1.550556976491749728e+00
1.550619433438091610e+00
1.550744345219196685e+00
1.550838027207283032e+00
1.550900480986076913e+00
1.551025386431703401e+00
1.551056612353097774e+00
1.551150289061193233e+00
1.551243964185084590e+00
1.551337637724675700e+00
1.551400085870855650e+00
1.551524980050574598e+00
1.551556203155349811e+00
1.551681093813728651e+00
1.551712316038124539e+00
1.551805981654780009e+00
1.551899645686560802e+00
1.551962087493881981e+00
1.552055748883993447e+00
1.552118188930112774e+00
1.552274285963029854e+00
1.552336723543169539e+00
1.552399160418679758e+00
1.552555249524515402e+00
1.552555249524515402e+00
1.552648900873859539e+00
1.552742550637468577e+00
1.552804982932196598e+00
1.552929845407098775e+00
1.552961060585271280e+00
1.553085919535644788e+00
1.553179561897892080e+00
1.553210775666139964e+00
1.553304415913330017e+00
1.553429267108493050e+00
