2.773864746093750000e+01
2.773864746093750000e+01
2.773864746093750000e+01
2.773925781250000000e+01
2.774169921875000000e+01
2.774230957031250000e+01
2.774536132812500000e+01
2.774536132812500000e+01
2.774841308593750000e+01
2.774902343750000000e+01
2.775207519531250000e+01
2.775268554687500000e+01
2.775573730468750000e+01
2.775634765625000000e+01
2.775756835937500000e+01
2.775878906250000000e+01
2.776184082031250000e+01
2.776245117187500000e+01
2.776489257812500000e+01
2.776550292968750000e+01
2.776855468750000000e+01
2.776916503906250000e+01
2.777099609375000000e+01
2.777160644531250000e+01
2.777465820312500000e+01
2.777526855468750000e+01
2.777832031250000000e+01
2.777893066406250000e+01
2.778015136718750000e+01
2.778137207031250000e+01
2.778381347656250000e+01
2.778442382812500000e+01
2.778808593750000000e+01
2.778869628906250000e+01
2.779052734375000000e+01
2.779235839843750000e+01
2.779296875000000000e+01
2.779479980468750000e+01
2.779724121093750000e+01
2.779785156250000000e+01
2.780090332031250000e+01
2.780151367187500000e+01
2.780395507812500000e+01
2.780517578125000000e+01
2.780700683593750000e+01
2.780822753906250000e+01
2.781005859375000000e+01
2.781127929687500000e+01
2.781372070312500000e+01
2.781555175781250000e+01
2.781677246093750000e+01
2.781799316406250000e+01
2.781982421875000000e+01
2.782165527343750000e+01
2.782348632812500000e+01
2.782409667968750000e+01
2.782714843750000000e+01
2.782775878906250000e+01
2.782958984375000000e+01
2.783203125000000000e+01
2.783264160156250000e+01
2.783386230468750000e+01
2.783630371093750000e+01
2.783691406250000000e+01
2.783935546875000000e+01
2.784057617187500000e+01
2.784240722656250000e+01
2.784362792968750000e+01
2.784606933593750000e+01
2.784667968750000000e+01
2.784912109375000000e+01
2.784973144531250000e+01
2.785278320312500000e+01
2.785339355468750000e+01
2.785583496093750000e+01
2.785705566406250000e+01
2.785888671875000000e+01
2.786010742187500000e+01
2.786254882812500000e+01
2.786376953125000000e+01
2.786621093750000000e+01
2.786743164062500000e+01
2.786926269531250000e+01
2.787109375000000000e+01
2.787231445312500000e+01
2.787353515625000000e+01
2.787536621093750000e+01
2.787658691406250000e+01
2.787902832031250000e+01
2.788024902343750000e+01
2.788208007812500000e+01
2.788391113281250000e+01
2.788513183593750000e+01
2.788696289062500000e+01
2.788757324218750000e+01
2.789001464843750000e+01
2.789123535156250000e+01
2.789306640625000000e+01
2.789550781250000000e+01
2.789611816406250000e+01
2.789794921875000000e+01
2.789916992187500000e+01
2.790100097656250000e+01
2.790283203125000000e+01
2.790466308593750000e+01
2.790527343750000000e+01
2.790832519531250000e+01
2.790954589843750000e+01
2.791137695312500000e+01
2.791259765625000000e+01
2.791442871093750000e+01
2.791625976562500000e+01
2.791748046875000000e+01
2.791870117187500000e+01
2.792175292968750000e+01
2.792236328125000000e+01
2.792480468750000000e+01
2.792602539062500000e+01
2.792724609375000000e+01
2.792907714843750000e+01
2.793029785156250000e+01
