2.773803710937500000e+01
2.773803710937500000e+01
2.773864746093750000e+01
2.773925781250000000e+01
2.774169921875000000e+01
2.774230957031250000e+01
2.774414062500000000e+01
2.774536132812500000e+01
2.774841308593750000e+01
2.774902343750000000e+01
2.775085449218750000e+01
2.775268554687500000e+01
2.775512695312500000e+01
2.775573730468750000e+01
2.775756835937500000e+01
2.775878906250000000e+01
2.776123046875000000e+01
2.776184082031250000e+01
2.776489257812500000e+01
2.776550292968750000e+01
2.776855468750000000e+01
2.776916503906250000e+01
2.777099609375000000e+01
2.777160644531250000e+01
2.777465820312500000e+01
2.777526855468750000e+01
2.777770996093750000e+01
2.777832031250000000e+01
2.778076171875000000e+01
2.778137207031250000e+01
2.778320312500000000e+01
2.778503417968750000e+01
2.778747558593750000e+01
2.778808593750000000e+01
2.779113769531250000e+01
2.779113769531250000e+01
2.779357910156250000e+01
2.779418945312500000e+01
2.779785156250000000e+01
2.779785156250000000e+01
2.780029296875000000e+01
2.780151367187500000e+01
2.780395507812500000e+01
2.780456542968750000e+01
2.780761718750000000e+01
2.780761718750000000e+01
2.781005859375000000e+01
2.781066894531250000e+01
2.781311035156250000e+01
2.781433105468750000e+01
2.781677246093750000e+01
2.781738281250000000e+01
2.782043457031250000e+01
2.782104492187500000e+01
2.782226562500000000e+01
2.782409667968750000e+01
2.782653808593750000e+01
2.782775878906250000e+01
2.782958984375000000e+01
2.783081054687500000e+01
2.783325195312500000e+01
2.783386230468750000e+01
2.783569335937500000e+01
2.783691406250000000e+01
2.783935546875000000e+01
2.783996582031250000e+01
2.784362792968750000e+01
2.784362792968750000e+01
2.784545898437500000e+01
2.784729003906250000e+01
2.784851074218750000e+01
2.785034179687500000e+01
2.785156250000000000e+01
2.785400390625000000e+01
2.785583496093750000e+01
2.785644531250000000e+01
2.785888671875000000e+01
2.785949707031250000e+01
2.786193847656250000e+01
2.786254882812500000e+01
2.786621093750000000e+01
2.786682128906250000e+01
2.786865234375000000e+01
2.787048339843750000e+01
2.787170410156250000e+01
2.787353515625000000e+01
2.787536621093750000e+01
2.787597656250000000e+01
2.787902832031250000e+01
2.787963867187500000e+01
2.788146972656250000e+01
2.788269042968750000e+01
2.788574218750000000e+01
2.788574218750000000e+01
2.788757324218750000e+01
2.788879394531250000e+01
2.789184570312500000e+01
2.789306640625000000e+01
2.789489746093750000e+01
2.789550781250000000e+01
2.789794921875000000e+01
2.789916992187500000e+01
2.790100097656250000e+01
2.790222167968750000e+01
2.790466308593750000e+01
2.790527343750000000e+01
2.790832519531250000e+01
2.790832519531250000e+01
2.791137695312500000e+01
2.791198730468750000e+01
2.791442871093750000e+01
2.791503906250000000e+01
2.791748046875000000e+01
2.791809082031250000e+01
2.792114257812500000e+01
2.792175292968750000e+01
2.792480468750000000e+01
2.792480468750000000e+01
2.792724609375000000e+01
2.792785644531250000e+01
2.793029785156250000e+01
2.793090820312500000e+01
2.793395996093750000e+01
2.793457031250000000e+01
2.793762207031250000e+01
2.793823242187500000e+01
2.793945312500000000e+01
2.794067382812500000e+01
2.794372558593750000e+01
2.794433593750000000e+01
2.794677734375000000e+01
2.794738769531250000e+01
2.795043945312500000e+01
2.795104980468750000e+01
2.795349121093750000e+01
2.795410156250000000e+01
2.795654296875000000e+01
2.795776367187500000e+01
2.795959472656250000e+01
2.796081542968750000e+01
2.796325683593750000e+01
2.796325683593750000e+01
2.796630859375000000e+01
2.796691894531250000e+01
2.796936035156250000e+01
2.796997070312500000e+01
2.797302246093750000e+01
2.797363281250000000e+01
2.797607421875000000e+01
2.797668457031250000e+01
2.797973632812500000e+01
2.798034667968750000e+01
2.798217773437500000e+01
2.798339843750000000e+01
2.798461914062500000e+01
2.798706054687500000e+01
2.798767089843750000e+01
2.799072265625000000e+01
2.799133300781250000e+01
2.799316406250000000e+01
2.799499511718750000e+01
2.799682617187500000e+01
2.799865722656250000e+01
2.799926757812500000e+01
2.800231933593750000e+01
2.800292968750000000e+01
2.800476074218750000e+01
2.800537109375000000e+01
2.800659179687500000e+01
2.800964355468750000e+01
2.801025390625000000e+01
2.801269531250000000e+01
2.801391601562500000e+01
2.801574707031250000e+01
2.801696777343750000e+01
2.801940917968750000e+01
2.802062988281250000e+01
2.802307128906250000e+01
2.802429199218750000e+01
2.802551269531250000e+01
2.802795410156250000e+01
