1.694702148437500000e+01
1.694702148437500000e+01
1.694702148437500000e+01
1.694763183593750000e+01
1.694824218750000000e+01
1.695129394531250000e+01
1.695190429687500000e+01
1.695434570312500000e+01
1.695556640625000000e+01
1.695800781250000000e+01
1.695922851562500000e+01
1.696105957031250000e+01
1.696350097656250000e+01
1.696411132812500000e+01
1.696716308593750000e+01
1.696777343750000000e+01
1.696960449218750000e+01
1.697082519531250000e+01
1.697265625000000000e+01
1.697387695312500000e+01
1.697631835937500000e+01
1.697692871093750000e+01
1.697998046875000000e+01
1.698059082031250000e+01
1.698303222656250000e+01
1.698364257812500000e+01
1.698608398437500000e+01
1.698730468750000000e+01
1.698852539062500000e+01
1.699096679687500000e+01
1.699218750000000000e+01
1.699401855468750000e+01
1.699523925781250000e+01
1.699707031250000000e+01
1.699829101562500000e+01
1.700073242187500000e+01
1.700195312500000000e+01
1.700378417968750000e+01
1.700561523437500000e+01
1.700683593750000000e+01
1.700866699218750000e+01
1.700988769531250000e+01
1.701293945312500000e+01
1.701354980468750000e+01
1.701538085937500000e+01
1.701599121093750000e+01
1.701843261718750000e+01
1.702026367187500000e+01
1.702148437500000000e+01
1.702270507812500000e+01
1.702575683593750000e+01
1.702636718750000000e+01
1.702941894531250000e+01
1.702941894531250000e+01
1.703186035156250000e+01
1.703308105468750000e+01
1.703552246093750000e+01
1.703613281250000000e+01
1.703918457031250000e+01
1.703979492187500000e+01
1.704162597656250000e+01
1.704223632812500000e+01
1.704589843750000000e+01
1.704589843750000000e+01
1.704772949218750000e+01
1.704956054687500000e+01
1.705200195312500000e+01
1.705261230468750000e+01
1.705505371093750000e+01
1.705566406250000000e+01
1.705810546875000000e+01
1.705932617187500000e+01
1.706115722656250000e+01
1.706298828125000000e+01
1.706481933593750000e+01
1.706604003906250000e+01
1.706726074218750000e+01
1.706848144531250000e+01
1.707153320312500000e+01
1.707214355468750000e+01
1.707519531250000000e+01
1.707580566406250000e+01
1.707763671875000000e+01
1.707946777343750000e+01
1.708068847656250000e+01
1.708251953125000000e+01
1.708435058593750000e+01
1.708618164062500000e+01
1.708740234375000000e+01
1.708923339843750000e+01
1.709106445312500000e+01
1.709228515625000000e+01
1.709350585937500000e+01
1.709472656250000000e+01
1.709716796875000000e+01
1.709777832031250000e+01
1.710083007812500000e+01
1.710205078125000000e+01
1.710327148437500000e+01
1.710449218750000000e+01
1.710632324218750000e+01
1.710815429687500000e+01
1.710937500000000000e+01
1.711242675781250000e+01
1.711364746093750000e+01
1.711486816406250000e+01
1.711669921875000000e+01
1.711853027343750000e+01
1.711975097656250000e+01
1.712097167968750000e+01
1.712219238281250000e+01
1.712402343750000000e+01
1.712585449218750000e+01
1.712707519531250000e+01
1.712890625000000000e+01
1.713012695312500000e+01
1.713378906250000000e+01
1.713378906250000000e+01
1.713562011718750000e+01
1.713684082031250000e+01
1.713928222656250000e+01
1.713989257812500000e+01
1.714294433593750000e+01
1.714355468750000000e+01
1.714538574218750000e+01
1.714660644531250000e+01
1.714843750000000000e+01
1.715026855468750000e+01
1.715209960937500000e+01
1.715270996093750000e+01
1.715576171875000000e+01
1.715637207031250000e+01
1.715881347656250000e+01
1.715942382812500000e+01
1.716308593750000000e+01
1.716369628906250000e+01
1.716552734375000000e+01
1.716674804687500000e+01
1.716857910156250000e+01
1.716979980468750000e+01
1.717224121093750000e+01
1.717285156250000000e+01
1.717590332031250000e+01
1.717651367187500000e+01
1.717895507812500000e+01
1.717956542968750000e+01
1.718200683593750000e+01
1.718261718750000000e+01
1.718566894531250000e+01
1.718627929687500000e+01
1.718872070312500000e+01
1.718994140625000000e+01
1.719177246093750000e+01
1.719360351562500000e+01
1.719482421875000000e+01
1.719604492187500000e+01
1.719787597656250000e+01
1.720092773437500000e+01
1.720153808593750000e+01
1.720275878906250000e+01
1.720458984375000000e+01
1.720581054687500000e+01
1.720642089843750000e+01
1.720886230468750000e+01
1.721008300781250000e+01
1.721130371093750000e+01
1.721252441406250000e+01
1.721496582031250000e+01
1.721618652343750000e+01
1.721862792968750000e+01
1.721984863281250000e+01
1.722167968750000000e+01
1.722351074218750000e+01
1.722412109375000000e+01
1.722717285156250000e+01
1.722839355468750000e+01
1.723022460937500000e+01
1.723205566406250000e+01
1.723327636718750000e+01
1.723449707031250000e+01
1.723632812500000000e+01
1.723754882812500000e+01
1.723999023437500000e+01
1.724060058593750000e+01
1.724304199218750000e+01
1.724426269531250000e+01
1.724670410156250000e+01
1.724853515625000000e+01
1.724975585937500000e+01
1.725158691406250000e+01
1.725341796875000000e+01
1.725463867187500000e+01
1.725585937500000000e+01
1.725769042968750000e+01
1.726013183593750000e+01
1.726074218750000000e+01
1.726318359375000000e+01
1.726440429687500000e+01
1.726623535156250000e+01
1.726684570312500000e+01
1.726989746093750000e+01
1.727050781250000000e+01
1.727355957031250000e+01
1.727478027343750000e+01
1.727661132812500000e+01
1.727722167968750000e+01
1.727966308593750000e+01
1.728088378906250000e+01
1.728271484375000000e+01
1.728454589843750000e+01
1.728637695312500000e+01
1.728820800781250000e+01
1.728942871093750000e+01
1.729125976562500000e+01
1.729248046875000000e+01
1.729492187500000000e+01
1.729553222656250000e+01
1.729736328125000000e+01
1.729919433593750000e+01
1.730041503906250000e+01
1.730285644531250000e+01
1.730407714843750000e+01
1.730590820312500000e+01
1.730834960937500000e+01
1.730957031250000000e+01
1.731079101562500000e+01
1.731201171875000000e+01
1.731445312500000000e+01
1.731567382812500000e+01
