2.784800000000000182e+02
2.786499999999999773e+02
2.786600000000000250e+02
2.786000000000000227e+02
2.787400000000000091e+02
2.788299999999999841e+02
2.788999999999999773e+02
2.789100000000000250e+02
2.788299999999999841e+02
2.790799999999999841e+02
2.790299999999999727e+02
2.790799999999999841e+02
2.791000000000000227e+02
2.790000000000000000e+02
2.790299999999999727e+02
2.790199999999999818e+02
2.790699999999999932e+02
2.791399999999999864e+02
2.792300000000000182e+02
2.793999999999999773e+02
2.792200000000000273e+02
2.795299999999999727e+02
2.797699999999999818e+02
2.797599999999999909e+02
2.795400000000000205e+02
2.796000000000000227e+02
2.800500000000000114e+02
2.799800000000000182e+02
2.800299999999999727e+02
2.801899999999999977e+02
2.803500000000000227e+02
2.804599999999999795e+02
2.809499999999999886e+02
2.810799999999999841e+02
2.817200000000000273e+02
2.822500000000000000e+02
2.828999999999999773e+02
2.833999999999999773e+02
2.853000000000000114e+02
2.853000000000000114e+02
2.867799999999999727e+02
2.872099999999999795e+02
2.881700000000000159e+02
2.885199999999999818e+02
2.889200000000000159e+02
2.888999999999999773e+02
2.889300000000000068e+02
2.890400000000000205e+02
2.892400000000000091e+02
2.897200000000000273e+02
2.924700000000000273e+02
2.946100000000000136e+02
2.993700000000000045e+02
3.045099999999999909e+02
3.086499999999999773e+02
3.166899999999999977e+02
3.270199999999999818e+02
3.326100000000000136e+02
3.373500000000000227e+02
3.473799999999999955e+02
3.556700000000000159e+02
3.570699999999999932e+02
3.639700000000000273e+02
3.660299999999999727e+02
3.650500000000000114e+02
3.632300000000000182e+02
3.575400000000000205e+02
3.530299999999999727e+02
3.452200000000000273e+02
3.394599999999999795e+02
3.313199999999999932e+02
3.189599999999999795e+02
3.123399999999999750e+02
3.043199999999999932e+02
3.000699999999999932e+02
2.961399999999999864e+02
2.910799999999999841e+02
2.884800000000000182e+02
2.852699999999999818e+02
2.842200000000000273e+02
2.824800000000000182e+02
2.821600000000000250e+02
2.814499999999999886e+02
2.811499999999999773e+02
2.810600000000000023e+02
2.807799999999999727e+02
2.804300000000000068e+02
2.801000000000000227e+02
2.800600000000000023e+02
2.797099999999999795e+02
2.794900000000000091e+02
2.792599999999999909e+02
2.793999999999999773e+02
2.794100000000000250e+02
2.791499999999999773e+02
2.790699999999999932e+02
2.790099999999999909e+02
2.791399999999999864e+02
2.788700000000000045e+02
2.787699999999999818e+02
2.787900000000000205e+02
2.788700000000000045e+02
2.788700000000000045e+02
2.789399999999999977e+02
2.791399999999999864e+02
2.789900000000000091e+02
2.789100000000000250e+02
2.788899999999999864e+02
2.788500000000000227e+02
2.786600000000000250e+02
2.787500000000000000e+02
2.787300000000000182e+02
2.787400000000000091e+02
2.787599999999999909e+02
2.786999999999999886e+02
2.786200000000000045e+02
2.787200000000000273e+02
2.786399999999999864e+02
2.785899999999999750e+02
2.784499999999999886e+02
2.786000000000000227e+02
2.787400000000000091e+02
2.787200000000000273e+02
2.785799999999999841e+02
2.786899999999999977e+02
2.786899999999999977e+02
2.786000000000000227e+02
2.787900000000000205e+02
2.786999999999999886e+02
2.785299999999999727e+02
2.785500000000000114e+02
2.786600000000000250e+02
2.785899999999999750e+02
2.785400000000000205e+02
2.783700000000000045e+02
2.785000000000000000e+02
2.784800000000000182e+02
2.785000000000000000e+02
2.784599999999999795e+02
2.783799999999999955e+02
2.783000000000000114e+02
2.784399999999999977e+02
2.784499999999999886e+02
2.785899999999999750e+02
2.785199999999999818e+02
2.785899999999999750e+02
2.784300000000000068e+02
2.784499999999999886e+02
2.785600000000000023e+02
2.784900000000000091e+02
2.785299999999999727e+02
2.786399999999999864e+02
2.785199999999999818e+02
2.786100000000000136e+02
2.787799999999999727e+02
2.787900000000000205e+02
2.787900000000000205e+02
2.787799999999999727e+02
2.786399999999999864e+02
2.785199999999999818e+02
2.784100000000000250e+02
2.784599999999999795e+02
2.783100000000000023e+02
2.785799999999999841e+02
2.787599999999999909e+02
2.788199999999999932e+02
2.789499999999999886e+02
2.789399999999999977e+02
2.787200000000000273e+02
2.786999999999999886e+02
2.785899999999999750e+02
2.786100000000000136e+02
2.786700000000000159e+02
2.787400000000000091e+02
2.786999999999999886e+02
2.787300000000000182e+02
2.786800000000000068e+02
2.786800000000000068e+02
2.786600000000000250e+02
2.787799999999999727e+02
2.786899999999999977e+02
