1.293406376301430294e+00
1.293406376301430294e+00
1.293438942833099015e+00
1.293471509217989368e+00
1.293536641547422317e+00
1.293569207491956918e+00
1.293732035012665538e+00
1.293764600076388049e+00
1.293894858863093855e+00
1.293959987375483456e+00
1.294057679042780462e+00
1.294187932543285235e+00
1.294253058412374591e+00
1.294383308388080245e+00
1.294415870514803224e+00
1.294546117552769493e+00
1.294578678945011330e+00
1.294741483702537943e+00
1.294774044213280906e+00
1.294871724863917883e+00
1.294969404192090057e+00
1.295067082197697728e+00
1.295132200133295663e+00
1.295229875934407193e+00
1.295262434240820548e+00
1.295425223568039463e+00
1.295457780992488095e+00
1.295620565909551436e+00
1.295620565909551436e+00
1.295750791196765173e+00
1.295815902958144861e+00
1.295913569497347817e+00
1.295946124716302883e+00
1.296108898605067949e+00
1.296141452941592664e+00
1.296304222417874463e+00
1.296336775871836267e+00
1.296401882338435785e+00
1.296532093506235661e+00
1.296597198207376511e+00
1.296662302319972149e+00
1.296857611126191356e+00
1.296857611126191356e+00
1.296922712884309936e+00
1.297052914634438725e+00
1.297150564401573503e+00
1.297183114029558437e+00
1.297345859961366754e+00
1.297345859961366754e+00
1.297443505753825832e+00
1.297573698082501004e+00
1.297638793363370180e+00
1.297736435180256054e+00
1.297866622207701548e+00
1.297899168596371222e+00
1.298029352678171433e+00
1.298061898330383768e+00
1.298159534403190429e+00
1.298224624381832948e+00
1.298387346750256910e+00
1.298419890781937980e+00
1.298550065435193801e+00
1.298615151877688723e+00
1.298712780436181768e+00
1.298777865404968201e+00
1.298875491752759848e+00
1.298973116773997738e+00
1.299038199384465964e+00
1.299135822194559031e+00
1.299233443677832556e+00
1.299298523929510063e+00
1.299396143201195786e+00
1.299428682663521295e+00
1.299623916340734819e+00
1.299688993053340402e+00
1.299754069175997007e+00
1.299851682253763574e+00
1.299916756901418946e+00
1.300046904426544137e+00
1.300111977303954669e+00
1.300177049591224598e+00
1.300274656915550775e+00
1.300372262911894117e+00
1.300437332838305426e+00
1.300502402174428473e+00
1.300632539075690985e+00
1.300697606640771387e+00
1.300762673615445175e+00
1.300827739999682819e+00
1.300990403376925286e+00
1.301055467694404166e+00
1.301153063063296145e+00
1.301218125904296974e+00
1.301315719058333542e+00
1.301380780422671801e+00
1.301478371361576292e+00
1.301575960971268930e+00
1.301673549251649131e+00
1.301738607366680123e+00
1.301868721824075426e+00
1.301901250069097182e+00
1.302031361571764911e+00
1.302063889078058700e+00
1.302193997625629596e+00
1.302259051012800706e+00
1.302356629985207404e+00
1.302486733212673720e+00
1.302551783939593699e+00
1.302616834075265073e+00
1.302714408170117411e+00
1.302779456827539484e+00
1.302877028704878981e+00
1.302909552368299195e+00
1.303072168467536152e+00
1.303104691243784918e+00
1.303234780869995557e+00
1.303299824795778106e+00
1.303429910872550668e+00
1.303429910872550668e+00
1.303559994582735859e+00
1.303625035550284306e+00
1.303787635380248888e+00
1.303820154902399775e+00
1.303917712581101673e+00
1.303982750293740001e+00
1.304112823943294641e+00
1.304145341985719408e+00
1.304210377626586759e+00
1.304307929977876590e+00
1.304437997707420305e+00
1.304470514269749915e+00
1.304600579038734720e+00
1.304633094860878861e+00
1.304828186684600988e+00
1.304860701470329953e+00
1.304958244939057099e+00
1.304990759132467648e+00
1.305088300824151393e+00
1.305153327878113778e+00
1.305315892921078191e+00
1.305348405485308616e+00
1.305478454260899257e+00
1.305510966084445723e+00
1.305673522979886592e+00
1.305706033914490583e+00
1.305836076171169591e+00
1.305901096410415407e+00
1.305998625657833756e+00
1.306063644415103031e+00
1.306161171439418123e+00
1.306193680151085168e+00
1.306356221485964531e+00
1.306388729308224139e+00
1.306518759114749795e+00
1.306551266195734806e+00
1.306681293036979552e+00
1.306746305567932698e+00
1.306843823252192616e+00
1.306908834300209765e+00
1.307006349759927577e+00
1.307071359324824877e+00
1.307201376674690163e+00
1.307266384459599307e+00
1.307363895024351352e+00
1.307396398249223823e+00
1.307558912148085728e+00
1.307591414482732528e+00
1.307721422337441597e+00
1.307753923930131235e+00
1.307851427817771528e+00
1.307948930369690732e+00
1.308046431585789149e+00
1.308111431654349621e+00
1.308241430010125717e+00
1.308306428297282276e+00
1.308403924614519820e+00
1.308468921416970243e+00
1.308566415507010250e+00
1.308631410824570018e+00
1.308793896519620858e+00
1.308826393213084360e+00
1.308956378501661355e+00
1.308988874452467810e+00
1.309118856770230988e+00
1.309151351978287803e+00
1.309313825790083596e+00
1.309346320106719475e+00
1.309443802165113357e+00
1.309541282886159896e+00
1.309671255100398390e+00
1.309703747782417160e+00
1.309736240315812594e+00
1.309866208963083478e+00
1.309996175232080784e+00
1.310028666427697219e+00
1.310158629723521040e+00
1.310191120175798085e+00
1.310321080498079827e+00
1.310353570206925111e+00
1.310516016520617333e+00
1.310548505337222780e+00
1.310678459116413341e+00
1.310775922889109601e+00
1.310873385323098050e+00
1.310905872503586256e+00
1.311035819737901731e+00
1.311068306174552944e+00
1.311198250433335266e+00
1.311230736126057117e+00
1.311393162357637809e+00
1.311425647157522523e+00
1.311555584868834723e+00
1.311620552831502584e+00
1.311718003659186449e+00
1.311815453147200161e+00
1.311847936012149773e+00
1.311977865983241731e+00
1.312075311898315721e+00
1.312140275097240405e+00
1.312270199708258867e+00
1.312302680488735440e+00
1.312432602121419212e+00
1.312497562044175892e+00
1.312595000811246804e+00
1.312659959244541152e+00
1.312789874323591288e+00
1.312854830969287789e+00
1.312952264820464787e+00
1.313017219976293504e+00
1.313114651592530491e+00
1.313212081867670911e+00
1.313277034639328322e+00
1.313309510801615509e+00
1.313471889377483937e+00
