2.812300000000000182e+02
2.813000000000000114e+02
2.811700000000000159e+02
2.811999999999999886e+02
2.814300000000000068e+02
2.815099999999999909e+02
2.815000000000000000e+02
2.813700000000000045e+02
2.812900000000000205e+02
2.811899999999999977e+02
2.812699999999999818e+02
2.812400000000000091e+02
2.813299999999999841e+02
2.813399999999999750e+02
2.812500000000000000e+02
2.811299999999999955e+02
2.813399999999999750e+02
2.814599999999999795e+02
2.813999999999999773e+02
2.815500000000000114e+02
2.813399999999999750e+02
2.815199999999999818e+02
2.811800000000000068e+02
2.813199999999999932e+02
2.811999999999999886e+02
2.813000000000000114e+02
2.813399999999999750e+02
2.812900000000000205e+02
2.812599999999999909e+02
2.812500000000000000e+02
2.811800000000000068e+02
2.811000000000000227e+02
2.810299999999999727e+02
2.808600000000000136e+02
2.811399999999999864e+02
2.812799999999999727e+02
2.814599999999999795e+02
2.812699999999999818e+02
2.813700000000000045e+02
2.814599999999999795e+02
2.813399999999999750e+02
2.812599999999999909e+02
2.813700000000000045e+02
2.812500000000000000e+02
2.811600000000000250e+02
2.812599999999999909e+02
2.814499999999999886e+02
2.810899999999999750e+02
2.812599999999999909e+02
2.811299999999999955e+02
2.809599999999999795e+02
2.811000000000000227e+02
2.810699999999999932e+02
2.811899999999999977e+02
2.813199999999999932e+02
2.812099999999999795e+02
2.813600000000000136e+02
2.812099999999999795e+02
2.812699999999999818e+02
2.813000000000000114e+02
2.813700000000000045e+02
2.811899999999999977e+02
2.812799999999999727e+02
2.813899999999999864e+02
2.814700000000000273e+02
2.813000000000000114e+02
2.814900000000000091e+02
2.813899999999999864e+02
2.813600000000000136e+02
2.814599999999999795e+02
2.811200000000000045e+02
2.810099999999999909e+02
2.810099999999999909e+02
2.812599999999999909e+02
2.811399999999999864e+02
2.810000000000000000e+02
2.811399999999999864e+02
2.810000000000000000e+02
2.811100000000000136e+02
2.812900000000000205e+02
2.813600000000000136e+02
2.812099999999999795e+02
2.813299999999999841e+02
2.812699999999999818e+02
2.812200000000000273e+02
2.812099999999999795e+02
2.811600000000000250e+02
2.811100000000000136e+02
2.811600000000000250e+02
2.810699999999999932e+02
2.811700000000000159e+02
2.812400000000000091e+02
2.813199999999999932e+02
2.813600000000000136e+02
2.813199999999999932e+02
2.811800000000000068e+02
2.812799999999999727e+02
2.813299999999999841e+02
2.810600000000000023e+02
2.809700000000000273e+02
2.811299999999999955e+02
2.810799999999999841e+02
2.810799999999999841e+02
2.811399999999999864e+02
2.811200000000000045e+02
2.810299999999999727e+02
2.810000000000000000e+02
2.813399999999999750e+02
2.814200000000000159e+02
2.813799999999999955e+02
2.813299999999999841e+02
2.811700000000000159e+02
2.812699999999999818e+02
2.813199999999999932e+02
2.811100000000000136e+02
2.812799999999999727e+02
2.814200000000000159e+02
2.814200000000000159e+02
2.812200000000000273e+02
2.813100000000000023e+02
2.814599999999999795e+02
2.812300000000000182e+02
2.810600000000000023e+02
2.809100000000000250e+02
2.812500000000000000e+02
2.813399999999999750e+02
2.810899999999999750e+02
2.812699999999999818e+02
2.812900000000000205e+02
2.813000000000000114e+02
2.815799999999999841e+02
2.814900000000000091e+02
2.815500000000000114e+02
2.815099999999999909e+02
2.816999999999999886e+02
2.819499999999999886e+02
2.817699999999999818e+02
2.818899999999999864e+02
2.816999999999999886e+02
2.817200000000000273e+02
2.817599999999999909e+02
2.818399999999999750e+02
2.816800000000000068e+02
2.816999999999999886e+02
2.818899999999999864e+02
2.820299999999999727e+02
2.820400000000000205e+02
2.820799999999999841e+02
2.822599999999999909e+02
2.823999999999999773e+02
2.824900000000000091e+02
2.825099999999999909e+02
2.823799999999999955e+02
2.823999999999999773e+02
2.824499999999999886e+02
2.822799999999999727e+02
2.821800000000000068e+02
2.822300000000000182e+02
2.820899999999999750e+02
2.821999999999999886e+02
2.821200000000000045e+02
2.821000000000000227e+02
2.820500000000000114e+02
2.821100000000000136e+02
2.821700000000000159e+02
2.821399999999999864e+02
2.820199999999999818e+02
2.820899999999999750e+02
2.821600000000000250e+02
2.820099999999999909e+02
2.819599999999999795e+02
2.818299999999999841e+02
2.818700000000000045e+02
2.816700000000000159e+02
2.815799999999999841e+02
2.816600000000000250e+02
2.816499999999999773e+02
2.813999999999999773e+02
2.813399999999999750e+02
2.812799999999999727e+02
2.812599999999999909e+02
2.812900000000000205e+02
2.813299999999999841e+02
2.810400000000000205e+02
2.811299999999999955e+02
2.813299999999999841e+02
2.812799999999999727e+02
2.811499999999999773e+02
2.813000000000000114e+02
2.812599999999999909e+02
2.813799999999999955e+02
2.810799999999999841e+02
2.808799999999999955e+02
2.808500000000000227e+02
2.811299999999999955e+02
2.810400000000000205e+02
2.809100000000000250e+02
2.809200000000000159e+02
2.809499999999999886e+02
2.811200000000000045e+02
2.810799999999999841e+02
2.811000000000000227e+02
2.811100000000000136e+02
2.809300000000000068e+02
2.809399999999999977e+02
2.810799999999999841e+02
2.809800000000000182e+02
2.810400000000000205e+02
2.812099999999999795e+02
2.811399999999999864e+02
2.809900000000000091e+02
2.811600000000000250e+02
2.809900000000000091e+02
2.810299999999999727e+02
2.806999999999999886e+02
2.806299999999999955e+02
2.807799999999999727e+02
2.808399999999999750e+02
2.808999999999999773e+02
2.810000000000000000e+02
2.809200000000000159e+02
2.807400000000000091e+02
2.810199999999999818e+02
2.811999999999999886e+02
2.809300000000000068e+02
2.808899999999999864e+02
2.810299999999999727e+02
2.810799999999999841e+02
2.811899999999999977e+02
2.812200000000000273e+02
2.812400000000000091e+02
2.814200000000000159e+02
2.812200000000000273e+02
2.814100000000000250e+02
