1.694763183593750000e+01
1.694763183593750000e+01
1.694763183593750000e+01
1.694763183593750000e+01
1.694824218750000000e+01
1.694946289062500000e+01
1.695129394531250000e+01
1.695495605468750000e+01
1.695556640625000000e+01
1.695800781250000000e+01
1.695922851562500000e+01
1.696105957031250000e+01
1.696289062500000000e+01
1.696411132812500000e+01
1.696594238281250000e+01
1.696716308593750000e+01
1.696899414062500000e+01
1.697082519531250000e+01
1.697143554687500000e+01
1.697509765625000000e+01
1.697570800781250000e+01
1.697753906250000000e+01
1.697937011718750000e+01
1.698120117187500000e+01
1.698242187500000000e+01
1.698486328125000000e+01
1.698608398437500000e+01
1.698730468750000000e+01
1.698852539062500000e+01
1.699035644531250000e+01
1.699157714843750000e+01
1.699340820312500000e+01
1.699523925781250000e+01
1.699645996093750000e+01
1.699890136718750000e+01
1.700012207031250000e+01
1.700134277343750000e+01
1.700317382812500000e+01
1.700500488281250000e+01
1.700683593750000000e+01
1.700744628906250000e+01
1.701049804687500000e+01
1.701232910156250000e+01
1.701416015625000000e+01
1.701477050781250000e+01
1.701599121093750000e+01
1.701782226562500000e+01
1.702026367187500000e+01
1.702209472656250000e+01
1.702331542968750000e+01
1.702575683593750000e+01
1.702636718750000000e+01
1.702880859375000000e+01
1.702941894531250000e+01
1.703247070312500000e+01
1.703308105468750000e+01
1.703491210937500000e+01
1.703613281250000000e+01
1.703918457031250000e+01
1.703918457031250000e+01
1.704101562500000000e+01
1.704223632812500000e+01
1.704467773437500000e+01
1.704589843750000000e+01
1.704833984375000000e+01
1.704895019531250000e+01
1.705200195312500000e+01
1.705322265625000000e+01
1.705444335937500000e+01
1.705566406250000000e+01
1.705932617187500000e+01
1.705932617187500000e+01
1.706176757812500000e+01
1.706237792968750000e+01
1.706481933593750000e+01
1.706542968750000000e+01
1.706726074218750000e+01
1.706848144531250000e+01
1.707092285156250000e+01
1.707153320312500000e+01
1.707458496093750000e+01
1.707519531250000000e+01
1.707763671875000000e+01
1.707885742187500000e+01
1.708068847656250000e+01
1.708190917968750000e+01
1.708435058593750000e+01
1.708557128906250000e+01
1.708740234375000000e+01
1.708862304687500000e+01
1.709106445312500000e+01
1.709167480468750000e+01
1.709350585937500000e+01
1.709472656250000000e+01
1.709655761718750000e+01
1.709777832031250000e+01
1.709960937500000000e+01
1.710205078125000000e+01
1.710388183593750000e+01
1.710449218750000000e+01
1.710693359375000000e+01
1.710815429687500000e+01
1.710998535156250000e+01
1.711120605468750000e+01
1.711364746093750000e+01
1.711425781250000000e+01
1.711730957031250000e+01
1.711791992187500000e+01
1.711975097656250000e+01
1.712036132812500000e+01
1.712219238281250000e+01
1.712341308593750000e+01
1.712463378906250000e+01
1.712646484375000000e+01
1.712829589843750000e+01
1.713012695312500000e+01
1.713195800781250000e+01
1.713378906250000000e+01
1.713500976562500000e+01
1.713684082031250000e+01
1.713928222656250000e+01
1.713989257812500000e+01
1.714294433593750000e+01
1.714294433593750000e+01
1.714599609375000000e+01
1.714660644531250000e+01
1.714843750000000000e+01
1.715026855468750000e+01
1.715209960937500000e+01
1.715270996093750000e+01
1.715576171875000000e+01
1.715637207031250000e+01
1.715942382812500000e+01
1.715942382812500000e+01
1.716247558593750000e+01
1.716308593750000000e+01
1.716552734375000000e+01
1.716613769531250000e+01
1.716796875000000000e+01
1.716979980468750000e+01
1.717163085937500000e+01
1.717346191406250000e+01
1.717407226562500000e+01
1.717651367187500000e+01
1.717834472656250000e+01
1.717956542968750000e+01
1.718139648437500000e+01
1.718200683593750000e+01
1.718505859375000000e+01
1.718566894531250000e+01
1.718872070312500000e+01
1.718933105468750000e+01
1.719177246093750000e+01
1.719299316406250000e+01
1.719482421875000000e+01
1.719604492187500000e+01
1.719787597656250000e+01
1.719970703125000000e+01
1.720153808593750000e+01
1.720214843750000000e+01
1.720397949218750000e+01
1.720581054687500000e+01
1.720642089843750000e+01
1.720825195312500000e+01
1.721008300781250000e+01
1.721069335937500000e+01
1.721191406250000000e+01
1.721557617187500000e+01
1.721618652343750000e+01
1.721862792968750000e+01
1.721923828125000000e+01
1.722167968750000000e+01
1.722290039062500000e+01
1.722412109375000000e+01
1.722534179687500000e+01
1.722839355468750000e+01
1.722900390625000000e+01
1.723205566406250000e+01
1.723266601562500000e+01
1.723510742187500000e+01
1.723632812500000000e+01
1.723754882812500000e+01
1.723876953125000000e+01
1.724121093750000000e+01
1.724182128906250000e+01
1.724426269531250000e+01
1.724670410156250000e+01
1.724792480468750000e+01
1.724914550781250000e+01
1.725158691406250000e+01
1.725280761718750000e+01
1.725463867187500000e+01
1.725646972656250000e+01
1.725708007812500000e+01
1.726013183593750000e+01
1.726074218750000000e+01
1.726379394531250000e+01
1.726440429687500000e+01
1.726623535156250000e+01
1.726684570312500000e+01
1.726928710937500000e+01
1.726989746093750000e+01
1.727233886718750000e+01
1.727416992187500000e+01
1.727600097656250000e+01
1.727722167968750000e+01
1.728027343750000000e+01
1.728088378906250000e+01
1.728271484375000000e+01
1.728454589843750000e+01
1.728637695312500000e+01
1.728820800781250000e+01
1.728942871093750000e+01
1.729064941406250000e+01
1.729248046875000000e+01
1.729431152343750000e+01
1.729553222656250000e+01
1.729736328125000000e+01
1.729858398437500000e+01
1.730041503906250000e+01
1.730224609375000000e+01
1.730346679687500000e+01
1.730590820312500000e+01
1.730773925781250000e+01
1.730895996093750000e+01
1.731079101562500000e+01
1.731201171875000000e+01
1.731445312500000000e+01
1.731567382812500000e+01
