2.773925781250000000e+01
2.773925781250000000e+01
2.773925781250000000e+01
2.773986816406250000e+01
2.774291992187500000e+01
2.774291992187500000e+01
2.774536132812500000e+01
2.774658203125000000e+01
2.774902343750000000e+01
2.774963378906250000e+01
2.775207519531250000e+01
2.775268554687500000e+01
2.775573730468750000e+01
2.775634765625000000e+01
2.775817871093750000e+01
2.775939941406250000e+01
2.776184082031250000e+01
2.776367187500000000e+01
2.776489257812500000e+01
2.776733398437500000e+01
2.776794433593750000e+01
2.776977539062500000e+01
2.777099609375000000e+01
2.777221679687500000e+01
2.777465820312500000e+01
2.777587890625000000e+01
2.777832031250000000e+01
2.777954101562500000e+01
2.778076171875000000e+01
2.778137207031250000e+01
2.778381347656250000e+01
2.778503417968750000e+01
2.778808593750000000e+01
2.778869628906250000e+01
2.779052734375000000e+01
2.779235839843750000e+01
2.779418945312500000e+01
2.779541015625000000e+01
2.779724121093750000e+01
2.779785156250000000e+01
2.780151367187500000e+01
2.780273437500000000e+01
2.780395507812500000e+01
2.780578613281250000e+01
2.780761718750000000e+01
2.780944824218750000e+01
2.781066894531250000e+01
2.781188964843750000e+01
2.781372070312500000e+01
2.781555175781250000e+01
2.781677246093750000e+01
2.781921386718750000e+01
2.782043457031250000e+01
2.782226562500000000e+01
2.782348632812500000e+01
2.782592773437500000e+01
2.782653808593750000e+01
2.782836914062500000e+01
2.782958984375000000e+01
2.783203125000000000e+01
2.783325195312500000e+01
2.783508300781250000e+01
2.783630371093750000e+01
2.783752441406250000e+01
2.783996582031250000e+01
2.784118652343750000e+01
2.784301757812500000e+01
2.784484863281250000e+01
2.784606933593750000e+01
2.784729003906250000e+01
2.784912109375000000e+01
2.785095214843750000e+01
2.785278320312500000e+01
2.785461425781250000e+01
2.785583496093750000e+01
2.785827636718750000e+01
2.785949707031250000e+01
2.786132812500000000e+01
2.786254882812500000e+01
2.786499023437500000e+01
2.786621093750000000e+01
2.786804199218750000e+01
2.786926269531250000e+01
2.787048339843750000e+01
2.787231445312500000e+01
2.787414550781250000e+01
2.787536621093750000e+01
2.787780761718750000e+01
2.787902832031250000e+01
2.788085937500000000e+01
2.788208007812500000e+01
2.788452148437500000e+01
2.788574218750000000e+01
2.788696289062500000e+01
2.788879394531250000e+01
2.789001464843750000e+01
2.789184570312500000e+01
2.789306640625000000e+01
2.789611816406250000e+01
2.789672851562500000e+01
2.789855957031250000e+01
2.789978027343750000e+01
2.790100097656250000e+01
2.790344238281250000e+01
2.790466308593750000e+01
2.790588378906250000e+01
2.790832519531250000e+01
2.791015625000000000e+01
2.791137695312500000e+01
2.791320800781250000e+01
2.791442871093750000e+01
2.791564941406250000e+01
2.791809082031250000e+01
2.791931152343750000e+01
2.792175292968750000e+01
2.792297363281250000e+01
2.792480468750000000e+01
2.792663574218750000e+01
2.792724609375000000e+01
2.792907714843750000e+01
2.793151855468750000e+01
