2.811999999999999886e+02
2.813700000000000045e+02
2.812599999999999909e+02
2.813299999999999841e+02
2.813500000000000227e+02
2.813999999999999773e+02
2.815899999999999750e+02
2.814900000000000091e+02
2.816700000000000159e+02
2.817799999999999727e+02
2.816399999999999864e+02
2.813799999999999955e+02
2.814700000000000273e+02
2.814300000000000068e+02
2.815199999999999818e+02
2.816700000000000159e+02
2.816700000000000159e+02
2.815500000000000114e+02
2.813799999999999955e+02
2.816100000000000136e+02
2.814900000000000091e+02
2.813299999999999841e+02
2.814100000000000250e+02
2.813999999999999773e+02
2.813899999999999864e+02
2.813999999999999773e+02
2.816299999999999955e+02
2.816700000000000159e+02
2.817500000000000000e+02
2.816899999999999977e+02
2.813700000000000045e+02
2.815600000000000023e+02
2.814900000000000091e+02
2.815799999999999841e+02
2.814800000000000182e+02
2.815299999999999727e+02
2.814599999999999795e+02
2.816299999999999955e+02
2.816000000000000227e+02
2.816600000000000250e+02
2.814100000000000250e+02
2.816000000000000227e+02
2.815899999999999750e+02
2.815500000000000114e+02
2.815699999999999932e+02
2.815299999999999727e+02
2.815500000000000114e+02
2.817300000000000182e+02
2.815500000000000114e+02
2.813299999999999841e+02
2.813100000000000023e+02
2.811499999999999773e+02
2.811399999999999864e+02
2.812099999999999795e+02
2.814700000000000273e+02
2.813600000000000136e+02
2.813000000000000114e+02
2.815400000000000205e+02
2.817400000000000091e+02
2.817500000000000000e+02
2.816499999999999773e+02
2.815299999999999727e+02
2.812599999999999909e+02
2.813199999999999932e+02
2.813700000000000045e+02
2.812400000000000091e+02
2.813199999999999932e+02
2.812500000000000000e+02
2.813299999999999841e+02
2.812799999999999727e+02
2.812699999999999818e+02
2.814499999999999886e+02
2.813500000000000227e+02
2.812699999999999818e+02
2.813100000000000023e+02
2.811999999999999886e+02
2.812599999999999909e+02
2.812400000000000091e+02
2.814700000000000273e+02
2.815899999999999750e+02
2.816600000000000250e+02
2.815099999999999909e+02
2.812699999999999818e+02
2.813299999999999841e+02
2.815400000000000205e+02
2.814900000000000091e+02
2.813700000000000045e+02
2.816800000000000068e+02
2.816399999999999864e+02
2.815099999999999909e+02
2.814599999999999795e+02
2.814200000000000159e+02
2.812699999999999818e+02
2.815899999999999750e+02
2.813799999999999955e+02
2.814200000000000159e+02
2.813600000000000136e+02
2.814800000000000182e+02
2.814300000000000068e+02
2.814900000000000091e+02
2.813999999999999773e+02
2.813799999999999955e+02
2.810299999999999727e+02
2.811899999999999977e+02
2.811200000000000045e+02
2.813299999999999841e+02
2.813999999999999773e+02
2.816299999999999955e+02
2.814599999999999795e+02
2.812500000000000000e+02
2.813500000000000227e+02
2.813399999999999750e+02
2.813299999999999841e+02
2.813299999999999841e+02
2.814599999999999795e+02
2.813100000000000023e+02
2.814200000000000159e+02
2.814800000000000182e+02
2.813700000000000045e+02
2.813799999999999955e+02
2.813999999999999773e+02
2.813999999999999773e+02
2.815199999999999818e+02
2.815500000000000114e+02
2.816499999999999773e+02
2.816600000000000250e+02
2.818700000000000045e+02
2.816499999999999773e+02
2.815500000000000114e+02
2.815799999999999841e+02
2.814399999999999977e+02
2.813899999999999864e+02
2.818100000000000023e+02
2.817300000000000182e+02
2.816299999999999955e+02
2.815799999999999841e+02
2.816899999999999977e+02
2.817200000000000273e+02
2.816700000000000159e+02
2.816899999999999977e+02
2.817300000000000182e+02
2.818500000000000227e+02
2.816100000000000136e+02
2.816200000000000045e+02
2.816299999999999955e+02
2.817099999999999795e+02
2.819300000000000068e+02
2.821800000000000068e+02
2.821399999999999864e+02
2.821299999999999955e+02
2.822699999999999818e+02
2.821999999999999886e+02
2.819300000000000068e+02
2.823500000000000227e+02
2.822799999999999727e+02
2.821899999999999977e+02
2.822099999999999795e+02
2.820299999999999727e+02
2.822200000000000273e+02
2.821899999999999977e+02
2.822099999999999795e+02
2.821700000000000159e+02
2.821000000000000227e+02
2.820799999999999841e+02
2.819100000000000250e+02
2.822599999999999909e+02
2.820600000000000023e+02
2.819700000000000273e+02
2.820000000000000000e+02
2.821600000000000250e+02
2.821600000000000250e+02
2.820600000000000023e+02
2.818799999999999955e+02
2.819599999999999795e+02
2.819300000000000068e+02
2.817699999999999818e+02
2.815799999999999841e+02
2.816899999999999977e+02
2.816700000000000159e+02
2.813799999999999955e+02
2.813999999999999773e+02
2.814300000000000068e+02
2.816000000000000227e+02
2.814700000000000273e+02
2.812200000000000273e+02
2.813600000000000136e+02
2.813100000000000023e+02
2.811899999999999977e+02
2.813399999999999750e+02
2.811700000000000159e+02
2.811299999999999955e+02
2.812599999999999909e+02
2.810799999999999841e+02
2.810500000000000114e+02
2.811299999999999955e+02
2.811800000000000068e+02
2.810899999999999750e+02
2.811700000000000159e+02
2.811999999999999886e+02
2.812599999999999909e+02
2.811399999999999864e+02
2.812400000000000091e+02
2.813700000000000045e+02
2.814100000000000250e+02
2.813299999999999841e+02
2.813899999999999864e+02
2.815500000000000114e+02
2.813100000000000023e+02
2.813100000000000023e+02
2.813999999999999773e+02
2.813600000000000136e+02
2.815600000000000023e+02
2.813999999999999773e+02
2.812200000000000273e+02
2.811999999999999886e+02
2.812300000000000182e+02
2.811700000000000159e+02
2.811499999999999773e+02
2.810500000000000114e+02
2.810500000000000114e+02
2.810400000000000205e+02
2.812400000000000091e+02
2.811000000000000227e+02
2.812500000000000000e+02
2.811600000000000250e+02
2.811200000000000045e+02
2.809399999999999977e+02
2.812400000000000091e+02
2.813600000000000136e+02
2.811999999999999886e+02
2.812400000000000091e+02
2.810099999999999909e+02
2.810600000000000023e+02
