2.799399999999999977e+02
2.798500000000000227e+02
2.801100000000000136e+02
2.800500000000000114e+02
2.800899999999999750e+02
2.801499999999999773e+02
2.801800000000000068e+02
2.801600000000000250e+02
2.800400000000000205e+02
2.803000000000000114e+02
2.803799999999999955e+02
2.802699999999999818e+02
2.801499999999999773e+02
2.801399999999999864e+02
2.802699999999999818e+02
2.801499999999999773e+02
2.804100000000000250e+02
2.803999999999999773e+02
2.801399999999999864e+02
2.803700000000000045e+02
2.803100000000000023e+02
2.800799999999999841e+02
2.800799999999999841e+02
2.802200000000000273e+02
2.803700000000000045e+02
2.804599999999999795e+02
2.806000000000000227e+02
2.806899999999999977e+02
2.808000000000000114e+02
2.807400000000000091e+02
2.809499999999999886e+02
2.811299999999999955e+02
2.811200000000000045e+02
2.811299999999999955e+02
2.811899999999999977e+02
2.813899999999999864e+02
2.817300000000000182e+02
2.815600000000000023e+02
2.821600000000000250e+02
2.821299999999999955e+02
2.833500000000000227e+02
2.835600000000000023e+02
2.843700000000000045e+02
2.850099999999999909e+02
2.853000000000000114e+02
2.858000000000000114e+02
2.873700000000000045e+02
2.876700000000000159e+02
2.885899999999999750e+02
2.888199999999999932e+02
2.898399999999999750e+02
2.899200000000000159e+02
2.898799999999999955e+02
2.900400000000000205e+02
2.900899999999999750e+02
2.900299999999999727e+02
2.907099999999999795e+02
2.918799999999999955e+02
2.947200000000000273e+02
2.986000000000000227e+02
3.047099999999999795e+02
3.113600000000000136e+02
3.181800000000000068e+02
3.260199999999999818e+02
3.371499999999999773e+02
3.457200000000000273e+02
3.559499999999999886e+02
3.605000000000000000e+02
3.641700000000000159e+02
3.652599999999999909e+02
3.645600000000000023e+02
3.591899999999999977e+02
3.536600000000000250e+02
3.438000000000000114e+02
3.369800000000000182e+02
3.300799999999999841e+02
3.176700000000000159e+02
3.120000000000000000e+02
3.051200000000000045e+02
2.986999999999999886e+02
2.943700000000000045e+02
2.912799999999999727e+02
2.876899999999999977e+02
2.865099999999999909e+02
2.845199999999999818e+02
2.837900000000000205e+02
2.828600000000000136e+02
2.822200000000000273e+02
2.817300000000000182e+02
2.815799999999999841e+02
2.815799999999999841e+02
2.813000000000000114e+02
2.808500000000000227e+02
2.806800000000000068e+02
2.807400000000000091e+02
2.808000000000000114e+02
2.806299999999999955e+02
2.802799999999999727e+02
2.801399999999999864e+02
2.801999999999999886e+02
2.802699999999999818e+02
2.803299999999999841e+02
2.800899999999999750e+02
2.800600000000000023e+02
2.800099999999999909e+02
2.800699999999999932e+02
2.802099999999999795e+02
2.800199999999999818e+02
2.800299999999999727e+02
2.801999999999999886e+02
2.799700000000000273e+02
2.801499999999999773e+02
2.798799999999999955e+02
2.798299999999999841e+02
2.798299999999999841e+02
2.798199999999999932e+02
2.798700000000000045e+02
2.800699999999999932e+02
2.800000000000000000e+02
2.799700000000000273e+02
2.799399999999999977e+02
2.797900000000000205e+02
2.798500000000000227e+02
2.798700000000000045e+02
2.799200000000000159e+02
2.799700000000000273e+02
2.800500000000000114e+02
2.799300000000000068e+02
2.798799999999999955e+02
2.796800000000000068e+02
2.797599999999999909e+02
2.798199999999999932e+02
2.799499999999999886e+02
2.801600000000000250e+02
2.801399999999999864e+02
2.799800000000000182e+02
2.801200000000000045e+02
2.800600000000000023e+02
2.800500000000000114e+02
2.799499999999999886e+02
2.802799999999999727e+02
2.800699999999999932e+02
2.800600000000000023e+02
2.801600000000000250e+02
2.799300000000000068e+02
2.800500000000000114e+02
2.798700000000000045e+02
2.798899999999999864e+02
2.798799999999999955e+02
2.798399999999999750e+02
2.797599999999999909e+02
2.798399999999999750e+02
2.799200000000000159e+02
2.797900000000000205e+02
2.798899999999999864e+02
2.798600000000000136e+02
2.797900000000000205e+02
2.798700000000000045e+02
2.798299999999999841e+02
2.800299999999999727e+02
2.801200000000000045e+02
2.799399999999999977e+02
2.798299999999999841e+02
2.799200000000000159e+02
2.799800000000000182e+02
2.798100000000000023e+02
2.799399999999999977e+02
2.800600000000000023e+02
2.800199999999999818e+02
2.800000000000000000e+02
2.800799999999999841e+02
2.800000000000000000e+02
2.798500000000000227e+02
2.799200000000000159e+02
2.799399999999999977e+02
2.801100000000000136e+02
2.800299999999999727e+02
2.799800000000000182e+02
2.799700000000000273e+02
2.798899999999999864e+02
2.798500000000000227e+02
2.796800000000000068e+02
