2.731000000000000227e+02
2.729800000000000182e+02
2.733500000000000227e+02
2.732599999999999909e+02
2.732400000000000091e+02
2.732699999999999818e+02
2.730799999999999841e+02
2.730000000000000000e+02
2.732300000000000182e+02
2.733899999999999864e+02
2.734599999999999795e+02
2.735199999999999818e+02
2.736200000000000045e+02
2.735699999999999932e+02
2.737500000000000000e+02
2.738299999999999841e+02
2.739499999999999886e+02
2.742900000000000205e+02
2.745400000000000205e+02
2.752099999999999795e+02
2.757900000000000205e+02
2.761399999999999864e+02
2.762599999999999909e+02
2.768500000000000227e+02
2.772500000000000000e+02
2.775199999999999818e+02
2.784200000000000159e+02
2.785199999999999818e+02
2.790000000000000000e+02
2.791100000000000136e+02
2.792500000000000000e+02
2.793899999999999864e+02
2.801899999999999977e+02
2.811200000000000045e+02
2.817900000000000205e+02
2.833000000000000114e+02
2.851700000000000159e+02
2.866700000000000159e+02
2.901999999999999886e+02
2.928000000000000114e+02
2.962200000000000273e+02
3.010000000000000000e+02
3.047799999999999727e+02
3.132799999999999727e+02
3.159200000000000159e+02
3.254399999999999977e+02
3.306700000000000159e+02
3.382200000000000273e+02
3.470500000000000114e+02
3.537500000000000000e+02
3.587300000000000182e+02
3.677799999999999727e+02
3.701700000000000159e+02
3.754300000000000068e+02
3.770600000000000023e+02
3.824200000000000159e+02
3.852500000000000000e+02
3.886800000000000068e+02
3.908799999999999955e+02
3.956700000000000159e+02
3.968799999999999955e+02
3.999900000000000091e+02
4.005600000000000023e+02
4.009599999999999795e+02
4.008500000000000227e+02
4.001499999999999773e+02
3.994200000000000159e+02
3.985099999999999909e+02
3.981700000000000159e+02
3.977400000000000091e+02
3.977099999999999795e+02
3.976999999999999886e+02
3.975699999999999932e+02
3.977900000000000205e+02
3.978500000000000227e+02
3.988299999999999841e+02
4.001999999999999886e+02
4.043500000000000227e+02
4.083299999999999841e+02
4.106200000000000045e+02
4.120899999999999750e+02
4.108000000000000114e+02
4.052099999999999795e+02
3.962900000000000205e+02
3.873299999999999841e+02
3.718500000000000227e+02
3.613199999999999932e+02
3.397699999999999818e+02
3.298100000000000023e+02
3.112099999999999795e+02
3.060699999999999932e+02
2.921100000000000136e+02
2.892200000000000273e+02
2.841200000000000045e+02
2.804499999999999886e+02
2.776100000000000136e+02
2.751200000000000045e+02
2.742799999999999727e+02
2.730099999999999909e+02
2.726700000000000159e+02
2.724599999999999795e+02
2.721399999999999864e+02
2.723199999999999932e+02
2.722799999999999727e+02
2.721499999999999773e+02
2.721700000000000159e+02
2.720600000000000023e+02
2.720500000000000114e+02
2.718799999999999955e+02
2.718500000000000227e+02
2.720699999999999932e+02
2.721800000000000068e+02
2.720400000000000205e+02
2.720899999999999750e+02
2.720799999999999841e+02
2.721499999999999773e+02
2.720899999999999750e+02
2.722500000000000000e+02
2.718999999999999773e+02
2.720099999999999909e+02
2.720299999999999727e+02
