1.293406376301430294e+00
1.293406376301430294e+00
1.293438942833099015e+00
1.293471509217989368e+00
1.293504075456098690e+00
1.293634338940644390e+00
1.293732035012665538e+00
1.293797164993296445e+00
1.293862294386652900e+00
1.293992551411424552e+00
1.294057679042780462e+00
1.294187932543285235e+00
1.294253058412374591e+00
1.294383308388080245e+00
1.294415870514803224e+00
1.294546117552769493e+00
1.294578678945011330e+00
1.294741483702537943e+00
1.294806604577094289e+00
1.294936844562979195e+00
1.294969404192090057e+00
1.295067082197697728e+00
1.295132200133295663e+00
1.295229875934407193e+00
1.295262434240820548e+00
1.295425223568039463e+00
1.295457780992488095e+00
1.295588009220175030e+00
1.295653122451902339e+00
1.295750791196765173e+00
1.295815902958144861e+00
1.295913569497347817e+00
1.295978679788195587e+00
1.296108898605067949e+00
1.296141452941592664e+00
1.296304222417874463e+00
1.296336775871836267e+00
1.296466988216578908e+00
1.296499540934969774e+00
1.296629750337244147e+00
1.296662302319972149e+00
1.296759957385278161e+00
1.296857611126191356e+00
1.296955263542611370e+00
1.296987814053735644e+00
1.297150564401573503e+00
1.297183114029558437e+00
1.297345859961366754e+00
1.297345859961366754e+00
1.297443505753825832e+00
1.297573698082501004e+00
1.297606245796560920e+00
1.297736435180256054e+00
1.297834075671751464e+00
1.297866622207701548e+00
1.298029352678171433e+00
1.298061898330383768e+00
1.298224624381832948e+00
1.298257169150174528e+00
1.298354802571236366e+00
1.298419890781937980e+00
1.298550065435193801e+00
1.298615151877688723e+00
1.298712780436181768e+00
1.298810407668287370e+00
1.298875491752759848e+00
1.298973116773997738e+00
1.299038199384465964e+00
1.299135822194559031e+00
1.299233443677832556e+00
1.299298523929510063e+00
1.299428682663521295e+00
1.299493761145795734e+00
1.299591377763210653e+00
1.299688993053340402e+00
1.299754069175997007e+00
1.299851682253763574e+00
1.299916756901418946e+00
1.300046904426544137e+00
1.300111977303954669e+00
1.300177049591224598e+00
1.300274656915550775e+00
1.300372262911894117e+00
1.300469867580154926e+00
1.300502402174428473e+00
1.300632539075690985e+00
1.300730140201910912e+00
1.300795206881370403e+00
1.300892805793455009e+00
1.300957870996731769e+00
1.301087999631681980e+00
1.301153063063296145e+00
1.301250657103308228e+00
1.301315719058333542e+00
1.301413310883324348e+00
1.301478371361576292e+00
1.301575960971268930e+00
1.301673549251649131e+00
1.301738607366680123e+00
1.301868721824075426e+00
1.301933778166380673e+00
1.301998833917718423e+00
1.302096416436595572e+00
1.302161470710384572e+00
1.302259051012800706e+00
1.302356629985207404e+00
1.302421681894535332e+00
1.302551783939593699e+00
1.302616834075265073e+00
1.302714408170117411e+00
1.302811980934495573e+00
1.302877028704878981e+00
1.302909552368299195e+00
1.303072168467536152e+00
1.303104691243784918e+00
1.303234780869995557e+00
1.303267302906833125e+00
1.303429910872550668e+00
1.303494953023481617e+00
1.303592515140475250e+00
1.303625035550284306e+00
1.303787635380248888e+00
1.303820154902399775e+00
1.303917712581101673e+00
1.303982750293740001e+00
1.304112823943294641e+00
1.304177859880151225e+00
1.304242895225021792e+00
1.304275412675452994e+00
1.304437997707420305e+00
1.304470514269749915e+00
1.304600579038734720e+00
1.304633094860878861e+00
1.304828186684600988e+00
1.304828186684600988e+00
1.304958244939057099e+00
1.304990759132467648e+00
1.305153327878113778e+00
1.305185841182936235e+00
1.305315892921078191e+00
1.305348405485308616e+00
1.305478454260899257e+00
1.305510966084445723e+00
1.305673522979886592e+00
1.305706033914490583e+00
1.305836076171169591e+00
1.305901096410415407e+00
1.305998625657833756e+00
1.306063644415103031e+00
1.306161171439418123e+00
1.306226188714526337e+00
1.306356221485964531e+00
1.306453744507996451e+00
1.306551266195734806e+00
1.306583773128454196e+00
1.306681293036979552e+00
1.306746305567932698e+00
1.306843823252192616e+00
1.306876328850352431e+00
1.307038854616536794e+00
1.307071359324824877e+00
1.307201376674690163e+00
1.307233880641316404e+00
1.307363895024351352e+00
1.307428901325734527e+00
1.307558912148085728e+00
1.307591414482732528e+00
1.307688920596352888e+00
1.307753923930131235e+00
1.307883928816829577e+00
1.307948930369690732e+00
1.308013931328853463e+00
1.308143931465967302e+00
1.308176431129138173e+00
1.308338927218164915e+00
1.308371425990578540e+00
1.308468921416970243e+00
1.308598913240039296e+00
1.308631410824570018e+00
1.308793896519620858e+00
1.308858889758024224e+00
1.308923882402316163e+00
1.308956378501661355e+00
1.309118856770230988e+00
1.309151351978287803e+00
1.309281331324868569e+00
1.309313825790083596e+00
1.309476295887394670e+00
1.309541282886159896e+00
1.309638762269759393e+00
1.309671255100398390e+00
1.309801224936717245e+00
1.309833717024219579e+00
1.309963683887807484e+00
1.310028666427697219e+00
1.310158629723521040e+00
1.310191120175798085e+00
1.310386059767072897e+00
1.310386059767072897e+00
1.310483527555295513e+00
1.310580994005109190e+00
1.310678459116413341e+00
1.310710947189384745e+00
1.310873385323098050e+00
1.310938359535314568e+00
1.311035819737901731e+00
1.311100792462425391e+00
1.311198250433335266e+00
1.311230736126057117e+00
1.311393162357637809e+00
1.311425647157522523e+00
1.311555584868834723e+00
1.311620552831502584e+00
1.311718003659186449e+00
1.311750486970714835e+00
1.311912901295444467e+00
1.311945383713782221e+00
1.312075311898315721e+00
1.312140275097240405e+00
1.312237718778867412e+00
1.312270199708258867e+00
1.312432602121419212e+00
1.312497562044175892e+00
1.312595000811246804e+00
1.312692438237751835e+00
1.312757395777280456e+00
1.312854830969287789e+00
1.312919787019059870e+00
1.313017219976293504e+00
1.313114651592530491e+00
1.313179605258307792e+00
1.313277034639328322e+00
1.313374462679087085e+00
1.313471889377483937e+00
