2.791200000000000045e+02
2.790600000000000023e+02
2.789700000000000273e+02
2.790199999999999818e+02
2.790899999999999750e+02
2.790500000000000114e+02
2.791100000000000136e+02
2.790400000000000205e+02
2.793100000000000023e+02
2.790600000000000023e+02
2.791299999999999955e+02
2.790500000000000114e+02
2.791299999999999955e+02
2.792400000000000091e+02
2.795600000000000023e+02
2.794399999999999977e+02
2.793700000000000045e+02
2.794399999999999977e+02
2.791999999999999886e+02
2.793100000000000023e+02
2.791499999999999773e+02
2.792799999999999727e+02
2.793799999999999955e+02
2.791100000000000136e+02
2.793399999999999750e+02
2.794100000000000250e+02
2.799200000000000159e+02
2.799900000000000091e+02
2.800400000000000205e+02
2.800600000000000023e+02
2.802400000000000091e+02
2.803399999999999750e+02
2.804200000000000159e+02
2.803799999999999955e+02
2.807900000000000205e+02
2.808199999999999932e+02
2.809100000000000250e+02
2.815400000000000205e+02
2.823199999999999932e+02
2.825799999999999841e+02
2.836600000000000250e+02
2.839100000000000250e+02
2.852799999999999727e+02
2.856999999999999886e+02
2.864300000000000068e+02
2.868299999999999841e+02
2.875199999999999818e+02
2.879100000000000250e+02
2.886999999999999886e+02
2.886600000000000250e+02
2.888500000000000227e+02
2.886000000000000227e+02
2.885000000000000000e+02
2.889100000000000250e+02
2.894399999999999977e+02
2.903899999999999864e+02
2.951200000000000045e+02
2.959800000000000182e+02
3.026399999999999864e+02
3.071200000000000045e+02
3.163100000000000023e+02
3.241299999999999955e+02
3.316299999999999955e+02
3.373899999999999864e+02
3.525899999999999750e+02
3.553299999999999841e+02
3.628999999999999773e+02
3.638600000000000136e+02
3.643199999999999932e+02
3.616700000000000159e+02
3.578600000000000136e+02
3.497900000000000205e+02
3.419900000000000091e+02
3.342799999999999727e+02
3.243600000000000136e+02
3.184499999999999886e+02
3.105600000000000023e+02
3.038899999999999864e+02
2.990799999999999841e+02
2.934100000000000250e+02
2.898399999999999750e+02
2.873299999999999841e+02
2.856399999999999864e+02
2.837599999999999909e+02
2.826100000000000136e+02
2.823500000000000227e+02
2.814399999999999977e+02
2.812300000000000182e+02
2.807400000000000091e+02
2.806000000000000227e+02
2.804900000000000091e+02
2.802799999999999727e+02
2.801499999999999773e+02
2.801200000000000045e+02
2.800299999999999727e+02
2.798000000000000114e+02
2.797099999999999795e+02
2.796600000000000250e+02
2.795600000000000023e+02
2.795000000000000000e+02
2.793600000000000136e+02
2.791499999999999773e+02
2.790299999999999727e+02
2.792699999999999818e+02
2.792500000000000000e+02
2.789900000000000091e+02
2.790500000000000114e+02
2.791299999999999955e+02
2.791100000000000136e+02
2.789700000000000273e+02
2.788500000000000227e+02
2.790199999999999818e+02
2.789700000000000273e+02
2.790299999999999727e+02
2.789599999999999795e+02
2.790699999999999932e+02
2.791999999999999886e+02
2.792599999999999909e+02
2.789399999999999977e+02
2.790099999999999909e+02
2.791499999999999773e+02
2.789300000000000068e+02
2.788100000000000023e+02
2.789900000000000091e+02
2.790500000000000114e+02
2.788999999999999773e+02
2.789200000000000159e+02
2.791000000000000227e+02
2.790000000000000000e+02
2.788999999999999773e+02
2.788999999999999773e+02
2.788700000000000045e+02
2.789100000000000250e+02
2.789900000000000091e+02
2.789200000000000159e+02
2.787900000000000205e+02
2.790699999999999932e+02
2.792099999999999795e+02
2.790600000000000023e+02
2.792099999999999795e+02
2.791600000000000250e+02
2.791000000000000227e+02
2.788399999999999750e+02
2.787799999999999727e+02
2.788600000000000136e+02
2.788899999999999864e+02
2.788399999999999750e+02
2.790299999999999727e+02
2.790000000000000000e+02
2.791499999999999773e+02
2.790500000000000114e+02
2.789300000000000068e+02
2.791499999999999773e+02
2.790899999999999750e+02
2.790299999999999727e+02
2.790099999999999909e+02
2.790699999999999932e+02
2.792699999999999818e+02
2.789100000000000250e+02
2.789700000000000273e+02
2.791100000000000136e+02
2.791399999999999864e+02
2.791800000000000068e+02
2.789700000000000273e+02
2.789399999999999977e+02
2.790000000000000000e+02
2.788999999999999773e+02
2.789599999999999795e+02
2.788999999999999773e+02
2.787599999999999909e+02
2.789200000000000159e+02
2.788000000000000114e+02
2.788700000000000045e+02
2.790099999999999909e+02
2.790299999999999727e+02
2.790500000000000114e+02
2.790299999999999727e+02
2.790699999999999932e+02
2.790099999999999909e+02
2.789200000000000159e+02
2.790099999999999909e+02
