2.782799999999999727e+02
2.781600000000000250e+02
2.782400000000000091e+02
2.783299999999999841e+02
2.783799999999999955e+02
2.782599999999999909e+02
2.781399999999999864e+02
2.784599999999999795e+02
2.783100000000000023e+02
2.783100000000000023e+02
2.783199999999999932e+02
2.783999999999999773e+02
2.783100000000000023e+02
2.785099999999999909e+02
2.782300000000000182e+02
2.780799999999999841e+02
2.783000000000000114e+02
2.780899999999999750e+02
2.780400000000000205e+02
2.781000000000000227e+02
2.780799999999999841e+02
2.781700000000000159e+02
2.782099999999999795e+02
2.782799999999999727e+02
2.784300000000000068e+02
2.783500000000000227e+02
2.784200000000000159e+02
2.782699999999999818e+02
2.782500000000000000e+02
2.781999999999999886e+02
2.782099999999999795e+02
2.781800000000000068e+02
2.782500000000000000e+02
2.784800000000000182e+02
2.787300000000000182e+02
2.790500000000000114e+02
2.789900000000000091e+02
2.791700000000000159e+02
2.791899999999999977e+02
2.793899999999999864e+02
2.794700000000000273e+02
2.796399999999999864e+02
2.796200000000000045e+02
2.800000000000000000e+02
2.804900000000000091e+02
2.815000000000000000e+02
2.822200000000000273e+02
2.836399999999999864e+02
2.845000000000000000e+02
2.864700000000000273e+02
2.872799999999999727e+02
2.897200000000000273e+02
2.903500000000000227e+02
2.916700000000000159e+02
2.921800000000000068e+02
2.939300000000000068e+02
2.942500000000000000e+02
2.956800000000000068e+02
2.960199999999999818e+02
2.984200000000000159e+02
2.990899999999999750e+02
3.010299999999999727e+02
3.022699999999999818e+02
3.059200000000000159e+02
3.073299999999999841e+02
3.095699999999999932e+02
3.104900000000000091e+02
3.125799999999999841e+02
3.132099999999999795e+02
3.161999999999999886e+02
3.176399999999999864e+02
3.235899999999999750e+02
3.259900000000000091e+02
3.317500000000000000e+02
3.340699999999999932e+02
3.422500000000000000e+02
3.444599999999999795e+02
3.496299999999999955e+02
3.502500000000000000e+02
3.502599999999999909e+02
3.485600000000000023e+02
3.455799999999999841e+02
3.413000000000000114e+02
3.345500000000000114e+02
3.309599999999999795e+02
3.229700000000000273e+02
3.189300000000000068e+02
3.080299999999999727e+02
3.049100000000000250e+02
2.998299999999999841e+02
2.964200000000000159e+02
2.923999999999999773e+02
2.900699999999999932e+02
2.877400000000000091e+02
2.859200000000000159e+02
2.831000000000000227e+02
2.824499999999999886e+02
2.812500000000000000e+02
2.805400000000000205e+02
2.800799999999999841e+02
2.795600000000000023e+02
2.792599999999999909e+02
2.790699999999999932e+02
2.786499999999999773e+02
2.786100000000000136e+02
2.783399999999999750e+02
2.782300000000000182e+02
2.782900000000000205e+02
2.781800000000000068e+02
2.781299999999999955e+02
2.781700000000000159e+02
2.782500000000000000e+02
2.782200000000000273e+02
2.782699999999999818e+02
2.781499999999999773e+02
2.780899999999999750e+02
2.781000000000000227e+02
2.779700000000000273e+02
2.779499999999999886e+02
2.779900000000000091e+02
2.781700000000000159e+02
