1.543557351358462171e+00
1.543557351358462171e+00
1.543588619245074067e+00
1.543619886956521192e+00
1.543776222886163563e+00
1.543807489546548561e+00
1.543901288476552169e+00
1.543995085829754643e+00
1.544057616522508614e+00
1.544151411247496553e+00
1.544245204395428006e+00
1.544276468427598470e+00
1.544401522803817262e+00
1.544432785959738430e+00
1.544557836830784181e+00
1.544589099110368124e+00
1.544745407879043464e+00
1.544807930159466824e+00
1.544901712265321025e+00
1.544964232792661374e+00
1.545089271743464998e+00
1.545151790166871431e+00
1.545214307888910010e+00
1.545245566486906919e+00
1.545433114392360530e+00
1.545464371762814704e+00
1.545620655984352387e+00
1.545651912302488107e+00
1.545714424412560462e+00
1.545776935821009168e+00
1.545901956532922394e+00
1.545933211272342067e+00
1.546120736024689135e+00
1.546151989536019400e+00
1.546245749017261861e+00
1.546339506919309104e+00
1.546370759202376099e+00
1.546402011309962798e+00
1.546589520270196028e+00
1.546620771149320728e+00
1.546745772910697259e+00
1.546777022912242838e+00
1.546933270287004003e+00
1.546964519235338065e+00
1.547089513273160799e+00
1.547152009238714765e+00
1.547214504501992938e+00
1.547276999062966452e+00
1.547401986077887370e+00
1.547433232392632974e+00
1.547589461332276484e+00
1.547651951678827853e+00
1.547745685881453781e+00
1.547839418503352160e+00
1.547901906039721887e+00
1.547964392873475203e+00
1.548089364433019366e+00
1.548151849158753146e+00
1.548214333181757274e+00
1.548339299119462664e+00
1.548401781034106639e+00
1.548464262245907719e+00
1.548557982745716322e+00
1.548620462200285042e+00
1.548745419000566503e+00
1.548807896346222401e+00
1.548901611046520799e+00
1.548964086634554427e+00
1.549057798698286526e+00
1.549120272528520470e+00
1.549213981955420261e+00
1.549307689800093035e+00
1.549401396062442871e+00
1.549495100742374953e+00
1.549557569649827382e+00
1.549651271692182641e+00
1.549713738841162369e+00
1.549776205286703235e+00
1.549932368322824328e+00
1.549963600402409103e+00
1.550150989186144912e+00
1.550150989186144912e+00
1.550244681203284847e+00
1.550307141668450850e+00
1.550432060487630048e+00
1.550494518841586400e+00
1.550556976491749728e+00
1.550619433438091610e+00
1.550775572724540252e+00
1.550838027207283032e+00
1.550900480986076913e+00
1.551025386431703401e+00
1.551056612353097774e+00
1.551150289061193233e+00
1.551212739319816070e+00
1.551306413387517846e+00
1.551368861885789485e+00
1.551493756769733778e+00
1.551587426084056531e+00
1.551649871413249615e+00
1.551743538086434171e+00
1.551805981654780009e+00
1.551868424518736855e+00
1.551993308133371885e+00
1.552055748883993447e+00
1.552086968995117555e+00
1.552243066908732594e+00
1.552274285963029854e+00
1.552430378592189797e+00
1.552461596589532089e+00
1.552555249524515402e+00
1.552648900873859539e+00
1.552711334225797435e+00
1.552773766872936001e+00
1.552929845407098775e+00
1.552961060585271280e+00
1.553085919535644788e+00
1.553148347953391184e+00
1.553241989258131062e+00
1.553273202673862485e+00
1.553429267108493050e+00
1.553460479466589605e+00
1.553585327136090433e+00
1.553647749913060760e+00
1.553741382756211653e+00
1.553835014012511673e+00
1.553897433968413955e+00
1.553959853218978449e+00
1.554053480772254359e+00
1.554147106738361428e+00
1.554209523167290774e+00
1.554303146487902243e+00
1.554396768221089076e+00
1.554459181827930747e+00
1.554584006924807138e+00
1.554615212758004184e+00
1.554740034326597131e+00
1.554802444052327592e+00
1.554896057317635583e+00
1.554958465278940993e+00
1.555083279084065628e+00
1.555114482094182904e+00
1.555239292369891002e+00
1.555301696448838866e+00
1.555457703557504567e+00
1.555488904449717547e+00
1.555582506067251014e+00
1.555613706253382578e+00
1.555738505232579838e+00
1.555800903662932555e+00
1.555863301387083064e+00
1.555956896649118626e+00
1.556050490322040458e+00
1.556112885221100361e+00
1.556237672900161462e+00
1.556268869378435449e+00
1.556424849120681131e+00
1.556456044539280548e+00
1.556549629735316298e+00
1.556580824447395317e+00
1.556767989010326758e+00
1.556799182485858246e+00
1.556923954621312944e+00
1.556955147213490598e+00
1.557079915815351212e+00
1.557111107524086213e+00
1.557204681590082407e+00
1.557235872591999692e+00
1.557423014892399316e+00
1.557454204657249042e+00
1.557610150830355256e+00
1.557641339534723279e+00
1.557703716413178174e+00
1.557797280405103235e+00
1.557890842806035403e+00
1.557922029919442508e+00
1.558046776605122696e+00
1.558077962834538033e+00
1.558233891329412257e+00
1.558265076497921342e+00
1.558389815403622203e+00
