2.773925781250000000e+01
2.773925781250000000e+01
2.773925781250000000e+01
2.773986816406250000e+01
2.774230957031250000e+01
2.774291992187500000e+01
2.774536132812500000e+01
2.774658203125000000e+01
2.774902343750000000e+01
2.775024414062500000e+01
2.775207519531250000e+01
2.775268554687500000e+01
2.775573730468750000e+01
2.775695800781250000e+01
2.775817871093750000e+01
2.775939941406250000e+01
2.776184082031250000e+01
2.776367187500000000e+01
2.776489257812500000e+01
2.776733398437500000e+01
2.776794433593750000e+01
2.776977539062500000e+01
2.777160644531250000e+01
2.777282714843750000e+01
2.777465820312500000e+01
2.777587890625000000e+01
2.777770996093750000e+01
2.777954101562500000e+01
2.778076171875000000e+01
2.778198242187500000e+01
2.778503417968750000e+01
2.778564453125000000e+01
2.778747558593750000e+01
2.778869628906250000e+01
2.779113769531250000e+01
2.779235839843750000e+01
2.779418945312500000e+01
2.779479980468750000e+01
2.779785156250000000e+01
2.779846191406250000e+01
2.780090332031250000e+01
2.780212402343750000e+01
2.780395507812500000e+01
2.780578613281250000e+01
2.780700683593750000e+01
2.780822753906250000e+01
2.781066894531250000e+01
2.781188964843750000e+01
2.781372070312500000e+01
2.781555175781250000e+01
2.781677246093750000e+01
2.781921386718750000e+01
2.782043457031250000e+01
2.782226562500000000e+01
2.782348632812500000e+01
2.782531738281250000e+01
2.782714843750000000e+01
2.782897949218750000e+01
2.782958984375000000e+01
2.783203125000000000e+01
2.783325195312500000e+01
2.783508300781250000e+01
2.783630371093750000e+01
2.783752441406250000e+01
2.783996582031250000e+01
2.784118652343750000e+01
2.784301757812500000e+01
2.784484863281250000e+01
2.784606933593750000e+01
2.784729003906250000e+01
2.784973144531250000e+01
2.785095214843750000e+01
2.785278320312500000e+01
2.785522460937500000e+01
2.785644531250000000e+01
2.785766601562500000e+01
2.785949707031250000e+01
2.786132812500000000e+01
2.786254882812500000e+01
2.786499023437500000e+01
2.786560058593750000e+01
2.786804199218750000e+01
2.786987304687500000e+01
2.787170410156250000e+01
2.787292480468750000e+01
2.787414550781250000e+01
2.787536621093750000e+01
2.787780761718750000e+01
2.787841796875000000e+01
2.788085937500000000e+01
2.788208007812500000e+01
2.788391113281250000e+01
2.788513183593750000e+01
2.788696289062500000e+01
2.788818359375000000e+01
2.788940429687500000e+01
2.789245605468750000e+01
2.789306640625000000e+01
2.789550781250000000e+01
2.789733886718750000e+01
2.789855957031250000e+01
2.789916992187500000e+01
2.790161132812500000e+01
2.790283203125000000e+01
2.790527343750000000e+01
2.790649414062500000e+01
2.790832519531250000e+01
2.791015625000000000e+01
2.791137695312500000e+01
2.791381835937500000e+01
2.791442871093750000e+01
2.791748046875000000e+01
2.791748046875000000e+01
2.791931152343750000e+01
2.792175292968750000e+01
2.792236328125000000e+01
2.792480468750000000e+01
2.792663574218750000e+01
2.792724609375000000e+01
2.792907714843750000e+01
2.793090820312500000e+01
