2.293273925781250000e+01
2.293212890625000000e+01
2.293273925781250000e+01
2.293334960937500000e+01
2.293395996093750000e+01
2.293579101562500000e+01
2.293701171875000000e+01
2.293945312500000000e+01
2.294067382812500000e+01
2.294311523437500000e+01
2.294433593750000000e+01
2.294677734375000000e+01
2.294799804687500000e+01
2.294982910156250000e+01
2.295104980468750000e+01
2.295349121093750000e+01
2.295471191406250000e+01
2.295654296875000000e+01
2.295715332031250000e+01
2.296020507812500000e+01
2.296081542968750000e+01
2.296325683593750000e+01
2.296386718750000000e+01
2.296630859375000000e+01
2.296691894531250000e+01
2.296997070312500000e+01
2.297058105468750000e+01
2.297302246093750000e+01
2.297363281250000000e+01
2.297607421875000000e+01
2.297729492187500000e+01
2.297912597656250000e+01
2.297973632812500000e+01
2.298278808593750000e+01
2.298339843750000000e+01
2.298583984375000000e+01
2.298645019531250000e+01
2.298950195312500000e+01
2.299011230468750000e+01
2.299194335937500000e+01
2.299316406250000000e+01
2.299438476562500000e+01
2.299682617187500000e+01
2.299804687500000000e+01
2.299987792968750000e+01
2.300170898437500000e+01
2.300292968750000000e+01
2.300537109375000000e+01
2.300598144531250000e+01
2.300720214843750000e+01
2.301025390625000000e+01
2.301147460937500000e+01
2.301330566406250000e+01
2.301574707031250000e+01
2.301635742187500000e+01
2.301879882812500000e+01
2.301940917968750000e+01
2.302246093750000000e+01
2.302307128906250000e+01
2.302490234375000000e+01
2.302612304687500000e+01
2.302856445312500000e+01
2.302978515625000000e+01
2.303161621093750000e+01
2.303283691406250000e+01
2.303466796875000000e+01
2.303649902343750000e+01
2.303833007812500000e+01
2.303955078125000000e+01
2.304138183593750000e+01
2.304260253906250000e+01
2.304443359375000000e+01
2.304504394531250000e+01
2.304870605468750000e+01
2.304931640625000000e+01
2.305114746093750000e+01
2.305236816406250000e+01
2.305419921875000000e+01
2.305603027343750000e+01
2.305786132812500000e+01
2.305847167968750000e+01
2.306152343750000000e+01
2.306213378906250000e+01
2.306396484375000000e+01
2.306518554687500000e+01
2.306762695312500000e+01
2.306884765625000000e+01
2.307006835937500000e+01
2.307128906250000000e+01
2.307434082031250000e+01
2.307556152343750000e+01
2.307739257812500000e+01
2.307800292968750000e+01
2.308105468750000000e+01
2.308227539062500000e+01
2.308349609375000000e+01
2.308471679687500000e+01
2.308715820312500000e+01
2.308837890625000000e+01
2.309082031250000000e+01
2.309143066406250000e+01
2.309326171875000000e+01
2.309509277343750000e+01
2.309692382812500000e+01
2.309753417968750000e+01
2.309997558593750000e+01
2.310119628906250000e+01
2.310363769531250000e+01
2.310485839843750000e+01
2.310607910156250000e+01
2.310729980468750000e+01
2.310974121093750000e+01
2.311035156250000000e+01
2.311340332031250000e+01
2.311401367187500000e+01
2.311584472656250000e+01
2.311706542968750000e+01
2.311950683593750000e+01
2.312072753906250000e+01
2.312255859375000000e+01
2.312316894531250000e+01
2.312622070312500000e+01
2.312683105468750000e+01
2.312927246093750000e+01
2.313049316406250000e+01
2.313293457031250000e+01
2.313354492187500000e+01
2.313537597656250000e+01
2.313598632812500000e+01
2.313903808593750000e+01
2.313964843750000000e+01
2.314208984375000000e+01
2.314270019531250000e+01
2.314575195312500000e+01
2.314636230468750000e+01
2.314819335937500000e+01
2.314941406250000000e+01
2.315124511718750000e+01
2.315246582031250000e+01
2.315490722656250000e+01
2.315612792968750000e+01
2.315856933593750000e+01
2.315917968750000000e+01
2.316223144531250000e+01
2.316223144531250000e+01
2.316528320312500000e+01
2.316589355468750000e+01
2.316833496093750000e+01
2.316894531250000000e+01
2.317138671875000000e+01
2.317260742187500000e+01
2.317443847656250000e+01
2.317504882812500000e+01
2.317871093750000000e+01
2.317932128906250000e+01
2.318054199218750000e+01
2.318237304687500000e+01
2.318420410156250000e+01
2.318542480468750000e+01
2.318664550781250000e+01
2.318847656250000000e+01
2.319091796875000000e+01
2.319152832031250000e+01
2.319335937500000000e+01
2.319580078125000000e+01
2.319702148437500000e+01
2.319824218750000000e+01
2.319946289062500000e+01
2.320190429687500000e+01
2.320312500000000000e+01
2.320495605468750000e+01
2.320556640625000000e+01
2.320861816406250000e+01
2.320922851562500000e+01
2.321228027343750000e+01
2.321289062500000000e+01
2.321472167968750000e+01
2.321716308593750000e+01
2.321777343750000000e+01
2.322082519531250000e+01
2.322204589843750000e+01
2.322326660156250000e+01
2.322448730468750000e+01
2.322692871093750000e+01
2.322753906250000000e+01
2.322998046875000000e+01
2.323120117187500000e+01
2.323242187500000000e+01
2.323486328125000000e+01
2.323669433593750000e+01
2.323730468750000000e+01
2.323852539062500000e+01
2.324035644531250000e+01
2.324157714843750000e+01
2.324401855468750000e+01
2.324584960937500000e+01
2.324707031250000000e+01
2.325012207031250000e+01
2.325073242187500000e+01
2.325256347656250000e+01
2.325317382812500000e+01
2.325622558593750000e+01
2.325683593750000000e+01
2.325988769531250000e+01
2.326049804687500000e+01
2.326293945312500000e+01
2.326354980468750000e+01
2.326599121093750000e+01
2.326721191406250000e+01
2.326965332031250000e+01
2.327026367187500000e+01
2.327270507812500000e+01
2.327392578125000000e+01
2.327575683593750000e+01
2.327697753906250000e+01
2.327880859375000000e+01
2.327941894531250000e+01
2.328247070312500000e+01
2.328369140625000000e+01
2.328613281250000000e+01
2.328735351562500000e+01
2.328857421875000000e+01
2.329101562500000000e+01
2.329223632812500000e+01
2.329345703125000000e+01
2.329589843750000000e+01
2.329711914062500000e+01
2.329833984375000000e+01
2.330017089843750000e+01
2.330200195312500000e+01
2.330322265625000000e+01
2.330505371093750000e+01
2.330566406250000000e+01
2.330871582031250000e+01
