2.779900000000000091e+02
2.780799999999999841e+02
2.782599999999999909e+02
2.779200000000000159e+02
2.779900000000000091e+02
2.779900000000000091e+02
2.780299999999999727e+02
2.780500000000000114e+02
2.781499999999999773e+02
2.783500000000000227e+02
2.782200000000000273e+02
2.781600000000000250e+02
2.782599999999999909e+02
2.782400000000000091e+02
2.782200000000000273e+02
2.782300000000000182e+02
2.783000000000000114e+02
2.782400000000000091e+02
2.780500000000000114e+02
2.782799999999999727e+02
2.781100000000000136e+02
2.781999999999999886e+02
2.781499999999999773e+02
2.781399999999999864e+02
2.780600000000000023e+02
2.781100000000000136e+02
2.780799999999999841e+02
2.781399999999999864e+02
2.782300000000000182e+02
2.783100000000000023e+02
2.782699999999999818e+02
2.783399999999999750e+02
2.784399999999999977e+02
2.784599999999999795e+02
2.784499999999999886e+02
2.785400000000000205e+02
2.788700000000000045e+02
2.790400000000000205e+02
2.792200000000000273e+02
2.793899999999999864e+02
2.796200000000000045e+02
2.796299999999999955e+02
2.799100000000000250e+02
2.802599999999999909e+02
2.802599999999999909e+02
2.808399999999999750e+02
2.813999999999999773e+02
2.825299999999999727e+02
2.838999999999999773e+02
2.854900000000000091e+02
2.865899999999999750e+02
2.891800000000000068e+02
2.903100000000000023e+02
2.923399999999999750e+02
2.932699999999999818e+02
2.949100000000000250e+02
2.963600000000000136e+02
2.973299999999999841e+02
2.977900000000000205e+02
2.993600000000000136e+02
3.001700000000000159e+02
3.010500000000000114e+02
3.021600000000000250e+02
3.034499999999999886e+02
3.052500000000000000e+02
3.070299999999999727e+02
3.089100000000000250e+02
3.110000000000000000e+02
3.125400000000000205e+02
3.148199999999999932e+02
3.167200000000000273e+02
3.187500000000000000e+02
3.201399999999999864e+02
3.227500000000000000e+02
3.237099999999999795e+02
3.264300000000000068e+02
3.283299999999999841e+02
3.326399999999999864e+02
3.344499999999999886e+02
3.381100000000000136e+02
3.393999999999999773e+02
3.405299999999999727e+02
3.403500000000000227e+02
3.398199999999999932e+02
3.370600000000000023e+02
3.343999999999999773e+02
3.308199999999999932e+02
3.241000000000000227e+02
3.199100000000000250e+02
3.134900000000000091e+02
3.109900000000000091e+02
3.035000000000000000e+02
3.015299999999999727e+02
2.967699999999999818e+02
2.936399999999999864e+02
2.905500000000000114e+02
2.870699999999999932e+02
2.853600000000000136e+02
2.830799999999999841e+02
2.822300000000000182e+02
2.810899999999999750e+02
2.804700000000000273e+02
2.793500000000000227e+02
2.790799999999999841e+02
2.789200000000000159e+02
2.788799999999999955e+02
2.785799999999999841e+02
2.784700000000000273e+02
2.782900000000000205e+02
2.784100000000000250e+02
2.783500000000000227e+02
2.783000000000000114e+02
2.781999999999999886e+02
2.781899999999999977e+02
2.782500000000000000e+02
2.781999999999999886e+02
2.783000000000000114e+02
2.782099999999999795e+02
2.780899999999999750e+02
2.782699999999999818e+02
2.783100000000000023e+02
