1.543178768250806021e+00
1.543178768250806021e+00
1.543178768250806021e+00
1.543210028468448902e+00
1.543303808070632721e+00
1.543366326929766386e+00
1.543491362546332235e+00
1.543522621012598517e+00
1.543710168131772420e+00
1.543710168131772420e+00
1.543866452580376691e+00
1.543897708944523162e+00
1.544022732649076746e+00
1.544053988137189304e+00
1.544179008337429382e+00
1.544210262949419210e+00
1.544366533380769901e+00
1.544429040326564584e+00
1.544522799430797511e+00
1.544585304623939059e+00
1.544710312906860672e+00
1.544741564539370060e+00
1.544835318385111567e+00
1.544866569316418081e+00
1.545022821343233987e+00
1.545085320926693262e+00
1.545179068986865412e+00
1.545210317989570425e+00
1.545335312246868709e+00
1.545397808323354827e+00
1.545491551122800900e+00
1.545554045445534985e+00
1.545679031986321617e+00
1.545710278183022757e+00
1.545866506535375828e+00
1.545928996648380016e+00
1.545991486059663300e+00
1.546053974769197481e+00
1.546178950082904402e+00
1.546210193472693506e+00
1.546366407789636410e+00
1.546397650126599688e+00
1.546522617719583215e+00
1.546585100463103712e+00
1.546678823262090274e+00
1.546741304250510707e+00
1.546835024416714832e+00
1.546897503649858230e+00
1.547022460009635170e+00
1.547084937136212091e+00
1.547178651509358183e+00
1.547209889282600503e+00
1.547366075515109740e+00
1.547397312234845668e+00
1.547522257357786257e+00
1.547553493199502528e+00
1.547678434810187298e+00
1.547709669773795538e+00
1.547834607871869883e+00
1.547897075867042282e+00
1.548022009749516537e+00
1.548084475636761548e+00
1.548146940821307105e+00
1.548209405303125008e+00
1.548365563433050651e+00
1.548396794531929910e+00
1.548552947390601009e+00
1.548584177435165410e+00
1.548677866514455159e+00
1.548740325021943809e+00
1.548834011465048288e+00
1.548896468214991051e+00
1.548990152021644251e+00
1.549052607013864380e+00
1.549177514888859797e+00
1.549239967771578907e+00
1.549333645777103863e+00
1.549396096901710207e+00
1.549520997041010428e+00
1.549583446055647906e+00
1.549677118258758091e+00
1.549770788879168304e+00
1.549833235080116722e+00
1.549926903062481598e+00
1.550051791243242993e+00
1.550083012848697317e+00
1.550176676609635651e+00
1.550270338787363977e+00
1.550363999381786151e+00
1.550426438898406589e+00
1.550520096853773344e+00
1.550582534610934538e+00
1.550676189926980308e+00
1.550738625924505287e+00
1.550801061218126442e+00
1.550894712838675860e+00
1.551019579202146836e+00
1.551082011327848731e+00
1.551175658196280782e+00
1.551206873467045000e+00
1.551331732789775097e+00
1.551394161394894278e+00
1.551487802982186359e+00
1.551550229826748506e+00
1.551675081403027567e+00
1.551706293856900176e+00
1.551862353484906532e+00
1.551893564882211418e+00
1.552018408710324593e+00
1.552049619227058308e+00
1.552174459532711381e+00
1.552205669168786661e+00
1.552361714706951945e+00
1.552392923286118664e+00
1.552517755841112734e+00
1.552642585577260537e+00
1.552673792570826050e+00
1.552736206029366794e+00
1.552829824895649136e+00
1.552923442176011415e+00
1.552954647583689063e+00
1.553079467452089579e+00
1.553141876328854032e+00
1.553235488322126434e+00
1.553329098729064661e+00
1.553360301845508884e+00
1.553485112548515401e+00
1.553516314783556673e+00
1.553703524491564236e+00
1.553734725492492696e+00
1.553797126965398068e+00
1.553890727852323739e+00
1.554015526566203009e+00
1.554077924865069793e+00
1.554171520990698996e+00
1.554233917525962738e+00
1.554296313355736148e+00
1.554389905777539660e+00
1.554483496611829718e+00
1.554577085858511287e+00
1.554670673517488444e+00
1.554701869050974405e+00
1.554857844071947381e+00
1.554889038546825919e+00
1.555013814681833972e+00
1.555013814681833972e+00
1.555200973590440849e+00
1.555200973590440849e+00
1.555325742666578526e+00
1.555388126145682337e+00
1.555450508918771346e+00
1.555575272346792604e+00
1.555606462762494591e+00
1.555731222659983315e+00
1.555824790729415152e+00
1.555855979732790884e+00
1.555949545683563473e+00
1.556074297812634066e+00
1.556136672817694855e+00
1.556199047116401557e+00
1.556354979772681446e+00
1.556386165774111818e+00
1.556479722718686620e+00
1.556542093131938254e+00
1.556666831838798615e+00
1.556698016073900570e+00
1.556822751247750380e+00
1.556853934599555789e+00
1.556978666240041997e+00
1.557041031000194531e+00
1.557103395053582195e+00
1.557228121039950119e+00
1.557290482972873535e+00
1.557384024546853762e+00
1.557477564530262759e+00
1.557508744171255843e+00
1.557633460967749350e+00
1.557695818305459445e+00
1.557820530859666208e+00
1.557851708556277526e+00
1.557976417574855610e+00
