9.675883927813818675e-01
9.675883927813818675e-01
9.676222184641486423e-01
9.676222184641486423e-01
9.676560440371105853e-01
9.677913452308355424e-01
9.678251702547165936e-01
9.680281180914883654e-01
9.680619423464952300e-01
9.681972382679392419e-01
9.682648855694570011e-01
9.683663556976426223e-01
9.684678248368263631e-01
9.685354703801190013e-01
9.686369378707362365e-01
9.687045823148886514e-01
9.688060481566515003e-01
9.688736915014716233e-01
9.689751556940922050e-01
9.691104397448206953e-01
9.691780811103591908e-01
9.692457220359729231e-01
9.693810025673033071e-01
9.694486421729583414e-01
9.695839200640951061e-01
9.696515583495154411e-01
9.697530149523742038e-01
9.698206521373875511e-01
9.699559251867344578e-01
9.699897431739068487e-01
9.700911964749696637e-01
9.701588314585937178e-01
9.702941001047012959e-01
9.703279169909683199e-01
9.704969997705508167e-01
9.705308159960901460e-01
9.706322640118841827e-01
9.706998954716891115e-01
9.707675264908784962e-01
9.708689721934409267e-01
9.709366021109568923e-01
9.711056749765166751e-01
9.711394892190443606e-01
9.713085587785482700e-01
9.713423723597954806e-01
9.714099991916058663e-01
9.714776255824782991e-01
9.716805021091612371e-01
9.717143144777029562e-01
9.718157509216978074e-01
9.718495628491404803e-01
9.720186208320102939e-01
9.720862432530604780e-01
9.721538652328658436e-01
9.722891078686191069e-01
9.723567285245057201e-01
9.724919685121452551e-01
9.725257782331716561e-01
9.726948251828103631e-01
9.726948251828103631e-01
9.727962520280610814e-01
9.728638693729423359e-01
9.729991027378808166e-01
9.730329108030877361e-01
9.732019494727672804e-01
9.732357568754054222e-01
9.734047922318926904e-01
9.734047922318926904e-01
9.735400185288105579e-01
9.735738248268590578e-01
9.737766602949359251e-01
9.738104658195438912e-01
9.739456868128681943e-01
9.739794917849033951e-01
9.740471013973919234e-01
9.741485149871117466e-01
9.742499275819246352e-01
9.743175354256893295e-01
9.743851428271960158e-01
9.745203563033141281e-01
9.746217652492480399e-01
9.747231731997915150e-01
9.748245801548409695e-01
9.748921842384371539e-01
9.750273910780434816e-01
9.750949938339920076e-01
9.751963971380106511e-01
9.752639987873753524e-01
9.753654004313743187e-01
9.754330009739631269e-01
9.755344009576546460e-01
9.756020003932762696e-01
9.756695993860570182e-01
9.757709970448347203e-01
9.758385949303796103e-01
9.759737893725941582e-01
9.760075877062764915e-01
9.761427799334054800e-01
9.762103753823561103e-01
9.763117677249282256e-01
9.763793620660290440e-01
9.765145494186197039e-01
9.765821424300477060e-01
9.766835311160197985e-01
9.767849188044960274e-01
9.768525100425977659e-01
9.769538960683499251e-01
9.770552810963299972e-01
9.771228705606143095e-01
9.771566651264342873e-01
9.772580481585589895e-01
9.773594301926010752e-01
9.774270176607540161e-01
9.775283980310943699e-01
9.775959843900169366e-01
9.777649483458685786e-01
9.777987408041876050e-01
9.779339095278298810e-01
9.780014932238175751e-01
9.780690764758753764e-01
9.782042416480789537e-01
9.783056143616873923e-01
9.784069860761431814e-01
9.784745666639775852e-01
9.785759367129481801e-01
9.786435161903636049e-01
9.787110952235578143e-01
9.788462519571594633e-01
9.789476183410517063e-01
9.789814069135079899e-01
9.790827719642990479e-01
9.791841360151437579e-01
9.792517114934633504e-01
9.793530738775004796e-01
9.795220089614609105e-01
9.795220089614609105e-01
9.796909412665461003e-01
9.797247273940556944e-01
9.798598707922766549e-01
9.799274418242422957e-01
9.800625825537305769e-01
9.800963674580711604e-01
9.802315059631940830e-01
9.802652903113955318e-01
9.803666426885484508e-01
9.804342103837359046e-01
9.805693444389773639e-01
9.806031276746126624e-01
9.807382595043389051e-01
9.808058247514591654e-01
9.809747359214301410e-01
9.810085178214800194e-01
9.811436443084045056e-01
9.812112068838478862e-01
9.813125499119031980e-01
9.813801113738220838e-01
9.814814527314466019e-01
9.815490130796493684e-01
9.816841324394036672e-01
9.817179120008509008e-01
9.818192500167520764e-01
9.819205870299115846e-01
9.819881444815552474e-01
9.820219230402268407e-01
9.821232580475934837e-01
9.821908141619266619e-01
9.822583698304284683e-01
9.824610341606381247e-01
9.824948111588187594e-01
9.825961414843916719e-01
9.826299180365801744e-01
9.827987991248295918e-01
9.828663507794681564e-01
9.829339019879687056e-01
9.830352279641435542e-01
9.831365529363352840e-01
9.832041023599767948e-01
9.833391998683549406e-01
9.834067479530302913e-01
9.835418427831998933e-01
9.836093895286329714e-01
9.836769358275908592e-01
9.837107088096318508e-01
9.838457996214541312e-01
9.838795720453049620e-01
9.840822042436374595e-01
9.841159758858613049e-01
9.842848324217597922e-01
9.843186033938680080e-01
9.844199156399824346e-01
9.845549970708319387e-01
9.845887671492385973e-01
9.847576158652451284e-01
9.847576158652451284e-01
9.849264617875230776e-01
9.849602306366891380e-01
9.850953049155936059e-01
9.851290732058606281e-01
9.852641452489773188e-01
9.852979129802496017e-01
9.854329827871954883e-01
9.854667499593772195e-01
9.855680508049288191e-01
9.857031170332046788e-01
9.858044155299322542e-01
9.859057130198483065e-01
9.860070095028494741e-01
9.860745399320688387e-01
9.861758347366489375e-01
9.862433640468248885e-01
9.863784213241330034e-01
9.864459492912042160e-01
9.865472404022457287e-01
9.866485305057171029e-01
9.867160566815524891e-01
9.868173451055106682e-01
9.869186325216228184e-01
9.869523947696766664e-01
9.870874426418713155e-01
9.871212043298959182e-01
9.872562499617815179e-01
9.873237721055437843e-01
9.873912938011444318e-01
9.875600960792390026e-01
9.875938561986715714e-01
9.877626551146938549e-01
9.877964145616430214e-01
9.879314512284620431e-01
9.879989688892309996e-01
