1.543210028468448902e+00
1.543210028468448902e+00
1.543210028468448902e+00
1.543241288510969866e+00
1.543397586096625806e+00
1.543397586096625806e+00
1.543522621012598517e+00
1.543585137419656306e+00
1.543710168131772420e+00
1.543741425371864429e+00
1.543866452580376691e+00
1.543897708944523162e+00
1.544053988137189304e+00
1.544085243450084466e+00
1.544179008337429382e+00
1.544241517386173879e+00
1.544366533380769901e+00
1.544460293536573436e+00
1.544522799430797511e+00
1.544647809115969439e+00
1.544679061099059503e+00
1.544772815996584336e+00
1.544835318385111567e+00
1.544897820072414829e+00
1.545022821343233987e+00
1.545085320926693262e+00
1.545210317989570425e+00
1.545272815468930805e+00
1.545335312246868709e+00
1.545366560372795073e+00
1.545491551122800900e+00
1.545554045445534985e+00
1.545710278183022757e+00
1.545741524204318207e+00
1.545835261215737111e+00
1.545928996648380016e+00
1.546022730502150555e+00
1.546085218860799637e+00
1.546178950082904402e+00
1.546210193472693506e+00
1.546397650126599688e+00
1.546460134274072473e+00
1.546522617719583215e+00
1.546616341571608322e+00
1.546710063844059846e+00
1.546803784536841864e+00
1.546866264121054657e+00
1.546928743003121776e+00
1.547022460009635170e+00
1.547116175436160423e+00
1.547178651509358183e+00
1.547303601548861041e+00
1.547366075515109740e+00
1.547459785147524025e+00
1.547522257357786257e+00
1.547647199670950435e+00
1.547678434810187298e+00
1.547772139174111494e+00
1.547834607871869883e+00
1.547959543159600937e+00
1.548022009749516537e+00
1.548115708316873729e+00
1.548178173150058790e+00
1.548240637280502208e+00
1.548365563433050651e+00
1.548428025455098611e+00
1.548521717170308509e+00
1.548615407303998159e+00
1.548677866514455159e+00
1.548740325021943809e+00
1.548834011465048288e+00
1.548927696326313663e+00
1.549021379605644899e+00
1.549115061302945628e+00
1.549177514888859797e+00
1.549302419951073873e+00
1.549364871427317158e+00
1.549458547323021573e+00
1.549520997041010428e+00
1.549645894366905585e+00
1.549708341974755266e+00
1.549802012067577506e+00
1.549864457916783067e+00
1.549926903062481598e+00
1.550020569461890929e+00
1.550114234278249681e+00
1.550176676609635651e+00
1.550301559161432197e+00
1.550363999381786151e+00
1.550457658392807359e+00
1.550520096853773344e+00
1.550644971664262295e+00
1.550707408013728861e+00
1.550769843659305369e+00
1.550863495807814907e+00
1.550925929693542926e+00
1.551019579202146836e+00
1.551082011327848731e+00
1.551238088561780248e+00
1.551269303480482531e+00
1.551362947180358054e+00
1.551425375433380216e+00
1.551487802982186359e+00
1.551612655967038457e+00
1.551675081403027567e+00
1.551737506134687195e+00
1.551862353484906532e+00
1.551955987148496474e+00
1.552018408710324593e+00
1.552112039732148618e+00
1.552174459532711381e+00
1.552236878628718619e+00
1.552361714706951945e+00
1.552424131689121634e+00
1.552548963539425397e+00
1.552611378407502629e+00
1.552704999388196283e+00
1.552798618783097107e+00
1.552829824895649136e+00
1.552923442176011415e+00
1.553048262749342934e+00
