9.676222184641486423e-01
9.676222184641486423e-01
9.676222184641486423e-01
9.676222184641486423e-01
9.676560440371105853e-01
9.677236948536052097e-01
9.678251702547165936e-01
9.680281180914883654e-01
9.680619423464952300e-01
9.681972382679392419e-01
9.682648855694570011e-01
9.683663556976426223e-01
9.684678248368263631e-01
9.685354703801190013e-01
9.686369378707362365e-01
9.687045823148886514e-01
9.688060481566515003e-01
9.689075130089634946e-01
9.689413344065049838e-01
9.691442604825786233e-01
9.691780811103591908e-01
9.692795423337984273e-01
9.693810025673033071e-01
9.694824618107699132e-01
9.695501007563421814e-01
9.696853773271748578e-01
9.697530149523742038e-01
9.698206521373875511e-01
9.698882888821845905e-01
9.699897431739068487e-01
9.700573788180283374e-01
9.701588314585937178e-01
9.702602831083266821e-01
9.703279169909683199e-01
9.704631834348808050e-01
9.705308159960901460e-01
9.705984481167606592e-01
9.706998954716891115e-01
9.708013418352323676e-01
9.709027872072872878e-01
9.709366021109568923e-01
9.711056749765166751e-01
9.712071173734839746e-01
9.713085587785482700e-01
9.713423723597954806e-01
9.714099991916058663e-01
9.715114386125530688e-01
9.716466896303548317e-01
9.717481267359753261e-01
9.718157509216978074e-01
9.719509979697460444e-01
9.719848094560281648e-01
9.721200542981206505e-01
9.721538652328658436e-01
9.723229182517312275e-01
9.723567285245057201e-01
9.724581586807616862e-01
9.725257782331716561e-01
9.726948251828103631e-01
9.726948251828103631e-01
9.727962520280610814e-01
9.728638693729423359e-01
9.729991027378808166e-01
9.730667187578764254e-01
9.732019494727672804e-01
9.732357568754054222e-01
9.734047922318926904e-01
9.734724056012885596e-01
9.735400185288105579e-01
9.736076310144278212e-01
9.738104658195438912e-01
9.738104658195438912e-01
9.739456868128681943e-01
9.739794917849033951e-01
9.741147105677454565e-01
9.741485149871117466e-01
9.742499275819246352e-01
9.743175354256893295e-01
9.744527497864146071e-01
9.744865531001561942e-01
9.746555680100331687e-01
9.746893706602155483e-01
9.748245801548409695e-01
9.748921842384371539e-01
9.749935895340998693e-01
9.750611925113422673e-01
9.751963971380106511e-01
9.752639987873753524e-01
9.753654004313743187e-01
9.754330009739631269e-01
9.755682007308186243e-01
9.756020003932762696e-01
9.757033987163725719e-01
9.757709970448347203e-01
9.758723937070483689e-01
9.759399909281596397e-01
9.760413859292026428e-01
9.761765777132684896e-01
9.762779703881896420e-01
9.763117677249282256e-01
9.764469559639366025e-01
9.765145494186197039e-01
9.766159387695316774e-01
9.766835311160197985e-01
9.768187144789708398e-01
9.768525100425977659e-01
9.770214861978734344e-01
9.770552810963299972e-01
9.771566651264342873e-01
9.771904595813674099e-01
9.772918422808096750e-01
9.773594301926010752e-01
9.774270176607540161e-01
9.775283980310943699e-01
9.776297774030755505e-01
9.777311557765944183e-01
9.778325331515469454e-01
9.779339095278298810e-01
9.780014932238175751e-01
9.781028679354211164e-01
9.782380326636255230e-01
9.782718235681630015e-01
9.784407764255763640e-01
9.784407764255763640e-01
9.786097265071818097e-01
9.786435161903636049e-01
9.787448845735623459e-01
9.788462519571594633e-01
9.789476183410517063e-01
9.789814069135079899e-01
9.791503481093071226e-01
9.791841360151437579e-01
9.793530738775004796e-01
9.793530738775004796e-01
9.795220089614609105e-01
9.795557956448033288e-01
9.796909412665461003e-01
9.797247273940556944e-01
9.798260851095018653e-01
9.799274418242422957e-01
9.800287975381732908e-01
9.801301522511918218e-01
9.801639369330883422e-01
9.802990745483575186e-01
9.804004265917692917e-01
9.804679940644434044e-01
9.805693444389773639e-01
9.806031276746126624e-01
9.807720421835474101e-01
9.808058247514591654e-01
9.809747359214301410e-01
9.810085178214800194e-01
9.811436443084045056e-01
9.812112068838478862e-01
9.813125499119031980e-01
9.813801113738220838e-01
9.814814527314466019e-01
9.815827930866749540e-01
9.816841324394036672e-01
9.817179120008509008e-01
9.818192500167520764e-01
9.819205870299115846e-01
9.819543658114490148e-01
9.820557014874594648e-01
9.821570361604869959e-01
9.821908141619266619e-01
9.822583698304284683e-01
9.824610341606381247e-01
9.824948111588187594e-01
9.826299180365801744e-01
9.826636944772606519e-01
9.827987991248295918e-01
9.828663507794681564e-01
9.829339019879687056e-01
9.830014527503004862e-01
9.831703277039404165e-01
9.832041023599767948e-01
9.833729739664883729e-01
9.834067479530302913e-01
9.835418427831998933e-01
9.836093895286329714e-01
9.836769358275908592e-01
9.837444816800424707e-01
9.838795720453049620e-01
9.839133443575065474e-01
9.840484324897408319e-01
9.841835188352764385e-01
9.842510613379555906e-01
9.843186033938680080e-01
9.844536861652705140e-01
9.845212268806993183e-01
9.846225371159150752e-01
9.847238463455267876e-01
9.847576158652451284e-01
9.849264617875230776e-01
9.849602306366891380e-01
9.851290732058606281e-01
9.851628413843362964e-01
9.852641452489773188e-01
9.852979129802496017e-01
9.854329827871954883e-01
9.854667499593772195e-01
9.856018175297691641e-01
9.857031170332046788e-01
9.858044155299322542e-01
9.858719473017506507e-01
9.860407747734066808e-01
9.860745399320688387e-01
9.861758347366489375e-01
9.862771285340381500e-01
9.863784213241330034e-01
9.864797131068305802e-01
9.865472404022457287e-01
9.866147672498519761e-01
9.867160566815524891e-01
9.868173451055106682e-01
9.868848701615747787e-01
9.869861569057322148e-01
9.870536808418334251e-01
9.871549659059027926e-01
9.872562499617815179e-01
9.873237721055437843e-01
9.874588150485530402e-01
9.875600960792390026e-01
9.876276162060334540e-01
9.877288955556542405e-01
9.877964145616430214e-01
9.879314512284620431e-01
9.879989688892309996e-01
