1.543147507858045442e+00
1.543147507858045442e+00
1.543178768250806021e+00
1.543210028468448902e+00
1.543335067587767506e+00
1.543366326929766386e+00
1.543522621012598517e+00
1.543522621012598517e+00
1.543678910716502539e+00
1.543710168131772420e+00
1.543866452580376691e+00
1.543897708944523162e+00
1.544053988137189304e+00
1.544053988137189304e+00
1.544179008337429382e+00
1.544179008337429382e+00
1.544397786941295481e+00
1.544397786941295481e+00
1.544522799430797511e+00
1.544554052115005627e+00
1.544710312906860672e+00
1.544741564539370060e+00
1.544835318385111567e+00
1.544897820072414829e+00
1.545022821343233987e+00
1.545054071222629055e+00
1.545179068986865412e+00
1.545210317989570425e+00
1.545335312246868709e+00
1.545397808323354827e+00
1.545460303698361404e+00
1.545554045445534985e+00
1.545679031986321617e+00
1.545710278183022757e+00
1.545866506535375828e+00
1.545897751679591314e+00
1.545991486059663300e+00
1.546022730502150555e+00
1.546210193472693506e+00
1.546210193472693506e+00
1.546366407789636410e+00
1.546397650126599688e+00
1.546522617719583215e+00
1.546585100463103712e+00
1.546678823262090274e+00
1.546710063844059846e+00
1.546835024416714832e+00
1.546866264121054657e+00
1.547022460009635170e+00
1.547053698660702636e+00
1.547178651509358183e+00
1.547241126880267936e+00
1.547334838619780495e+00
1.547397312234845668e+00
1.547491021340458683e+00
1.547522257357786257e+00
1.547709669773795538e+00
1.547740904561771158e+00
1.547834607871869883e+00
1.547865841957281496e+00
1.548022009749516537e+00
1.548084475636761548e+00
1.548178173150058790e+00
1.548209405303125008e+00
1.548365563433050651e+00
1.548396794531929910e+00
1.548521717170308509e+00
1.548552947390601009e+00
1.548677866514455159e+00
1.548709095856072304e+00
1.548834011465048288e+00
1.548865239927901261e+00
1.549021379605644899e+00
1.549052607013864380e+00
1.549177514888859797e+00
1.549208741418120816e+00
1.549333645777103863e+00
1.549396096901710207e+00
1.549520997041010428e+00
1.549583446055647906e+00
1.549677118258758091e+00
1.549770788879168304e+00
1.549833235080116722e+00
1.549926903062481598e+00
1.550020569461890929e+00
1.550114234278249681e+00
1.550176676609635651e+00
1.550207897511461930e+00
1.550363999381786151e+00
1.550426438898406589e+00
1.550520096853773344e+00
1.550613753225579705e+00
1.550676189926980308e+00
1.550769843659305369e+00
1.550801061218126442e+00
1.550925929693542926e+00
1.550988362875281634e+00
1.551082011327848731e+00
1.551175658196280782e+00
1.551238088561780248e+00
1.551331732789775097e+00
1.551394161394894278e+00
1.551519016492499903e+00
1.551550229826748506e+00
1.551675081403027567e+00
1.551706293856900176e+00
1.551862353484906532e+00
1.551862353484906532e+00
1.552018408710324593e+00
1.552049619227058308e+00
1.552174459532711381e+00
1.552205669168786661e+00
1.552330505951625028e+00
1.552392923286118664e+00
1.552548963539425397e+00
1.552580171061556324e+00
1.552704999388196283e+00
1.552767412494335142e+00
1.552829824895649136e+00
1.552923442176011415e+00
1.552985852815139456e+00
