1.543588619245074067e+00
1.543588619245074067e+00
1.543588619245074067e+00
1.543619886956521192e+00
1.543744956050592920e+00
1.543776222886163563e+00
1.543901288476552169e+00
1.543963820220559668e+00
1.544088881606060282e+00
1.544151411247496553e+00
1.544245204395428006e+00
1.544276468427598470e+00
1.544432785959738430e+00
1.544495311745796462e+00
1.544557836830784181e+00
1.544620361214673609e+00
1.544745407879043464e+00
1.544839191036725845e+00
1.544901712265321025e+00
1.545026752618718691e+00
1.545058012268757386e+00
1.545151790166871431e+00
1.545245566486906919e+00
1.545308083156839984e+00
1.545401856846532640e+00
1.545464371762814704e+00
1.545558142821898295e+00
1.545651912302488107e+00
1.545714424412560462e+00
1.545776935821009168e+00
1.545933211272342067e+00
1.545964465836330737e+00
1.546058228475676977e+00
1.546120736024689135e+00
1.546245749017261861e+00
1.546308254460765585e+00
1.546402011309962798e+00
1.546433263242065426e+00
1.546589520270196028e+00
1.546620771149320728e+00
1.546745772910697259e+00
1.546808272738262380e+00
1.546902021163126140e+00
1.546995768008124106e+00
1.547058265027039026e+00
1.547120761343720341e+00
1.547245751870269581e+00
1.547308246080080218e+00
1.547401986077887370e+00
1.547495724495317804e+00
1.547558215895570743e+00
1.547683196588667043e+00
1.547745685881453781e+00
1.547839418503352160e+00
1.547901906039721887e+00
1.547995636026861854e+00
1.548089364433019366e+00
1.548183091258098276e+00
1.548214333181757274e+00
1.548339299119462664e+00
1.548401781034106639e+00
1.548495502588233430e+00
1.548557982745716322e+00
1.548620462200285042e+00
1.548745419000566503e+00
1.548807896346222401e+00
1.548901611046520799e+00
1.548995324164911036e+00
1.549057798698286526e+00
1.549120272528520470e+00
1.549245218079452258e+00
1.549307689800093035e+00
1.549401396062442871e+00
1.549526335284020506e+00
1.549588803839792694e+00
1.549651271692182641e+00
1.549744972151864131e+00
1.549838671028776815e+00
1.549901136067354912e+00
1.550026064033910966e+00
1.550057295585820949e+00
1.550182220034438840e+00
1.550275911523829375e+00
1.550369601429908872e+00
1.550432060487630048e+00
1.550494518841586400e+00
1.550556976491749728e+00
1.550681889680582959e+00
1.550713117537876773e+00
1.550838027207283032e+00
1.550900480986076913e+00
1.550994160334301153e+00
1.551056612353097774e+00
1.551150289061193233e+00
1.551212739319816070e+00
1.551275188874319699e+00
1.551431309679870862e+00
1.551462533312831571e+00
1.551587426084056531e+00
1.551681093813728651e+00
1.551743538086434171e+00
1.551774759958653771e+00
1.551899645686560802e+00
1.551962087493881981e+00
1.552086968995117555e+00
1.552149408688975551e+00
1.552243066908732594e+00
1.552336723543169539e+00
1.552399160418679758e+00
1.552524032055698555e+00
1.552555249524515402e+00
1.552711334225797435e+00
1.552711334225797435e+00
1.552804982932196598e+00
1.552929845407098775e+00
1.552961060585271280e+00
1.553085919535644788e+00
1.553179561897892080e+00
1.553210775666139964e+00
1.553304415913330017e+00
1.553398054574115505e+00
