1.694702148437500000e+01
1.694702148437500000e+01
1.694763183593750000e+01
1.694763183593750000e+01
1.694824218750000000e+01
1.695129394531250000e+01
1.695129394531250000e+01
1.695434570312500000e+01
1.695495605468750000e+01
1.695800781250000000e+01
1.695861816406250000e+01
1.696166992187500000e+01
1.696228027343750000e+01
1.696472167968750000e+01
1.696533203125000000e+01
1.696838378906250000e+01
1.696899414062500000e+01
1.697143554687500000e+01
1.697265625000000000e+01
1.697448730468750000e+01
1.697509765625000000e+01
1.697753906250000000e+01
1.697998046875000000e+01
1.698059082031250000e+01
1.698242187500000000e+01
1.698425292968750000e+01
1.698547363281250000e+01
1.698730468750000000e+01
1.698913574218750000e+01
1.698974609375000000e+01
1.699218750000000000e+01
1.699340820312500000e+01
1.699462890625000000e+01
1.699707031250000000e+01
1.699890136718750000e+01
1.700012207031250000e+01
1.700195312500000000e+01
1.700317382812500000e+01
1.700439453125000000e+01
1.700683593750000000e+01
1.700866699218750000e+01
1.700988769531250000e+01
1.701293945312500000e+01
1.701293945312500000e+01
1.701538085937500000e+01
1.701599121093750000e+01
1.701843261718750000e+01
1.702026367187500000e+01
1.702209472656250000e+01
1.702331542968750000e+01
1.702514648437500000e+01
1.702636718750000000e+01
1.702758789062500000e+01
1.702941894531250000e+01
1.703186035156250000e+01
1.703308105468750000e+01
1.703552246093750000e+01
1.703613281250000000e+01
1.703918457031250000e+01
1.703918457031250000e+01
1.704162597656250000e+01
1.704223632812500000e+01
1.704528808593750000e+01
1.704589843750000000e+01
1.704833984375000000e+01
1.704956054687500000e+01
1.705200195312500000e+01
1.705322265625000000e+01
1.705505371093750000e+01
1.705566406250000000e+01
1.705871582031250000e+01
1.705993652343750000e+01
1.706176757812500000e+01
1.706298828125000000e+01
1.706420898437500000e+01
1.706542968750000000e+01
1.706787109375000000e+01
1.706848144531250000e+01
1.707031250000000000e+01
1.707214355468750000e+01
1.707458496093750000e+01
1.707519531250000000e+01
1.707763671875000000e+01
1.707885742187500000e+01
1.708068847656250000e+01
1.708251953125000000e+01
1.708435058593750000e+01
1.708557128906250000e+01
1.708679199218750000e+01
1.708862304687500000e+01
1.709045410156250000e+01
1.709167480468750000e+01
1.709289550781250000e+01
1.709472656250000000e+01
1.709655761718750000e+01
1.709777832031250000e+01
1.709960937500000000e+01
1.710144042968750000e+01
1.710327148437500000e+01
1.710449218750000000e+01
1.710693359375000000e+01
1.710815429687500000e+01
1.710998535156250000e+01
1.711120605468750000e+01
1.711303710937500000e+01
1.711425781250000000e+01
1.711669921875000000e+01
1.711791992187500000e+01
1.711914062500000000e+01
1.711975097656250000e+01
1.712158203125000000e+01
1.712402343750000000e+01
1.712463378906250000e+01
1.712707519531250000e+01
1.712768554687500000e+01
1.713073730468750000e+01
1.713195800781250000e+01
1.713378906250000000e+01
1.713562011718750000e+01
1.713684082031250000e+01
1.713989257812500000e+01
1.714050292968750000e+01
1.714294433593750000e+01
1.714355468750000000e+01
1.714538574218750000e+01
1.714660644531250000e+01
1.714904785156250000e+01
1.714965820312500000e+01
1.715209960937500000e+01
1.715270996093750000e+01
1.715515136718750000e+01
1.715637207031250000e+01
1.715820312500000000e+01
1.715942382812500000e+01
1.716186523437500000e+01
1.716308593750000000e+01
1.716552734375000000e+01
1.716613769531250000e+01
1.716918945312500000e+01
1.716918945312500000e+01
1.717224121093750000e+01
1.717285156250000000e+01
1.717529296875000000e+01
1.717590332031250000e+01
1.717895507812500000e+01
1.717956542968750000e+01
1.718139648437500000e+01
1.718200683593750000e+01
1.718505859375000000e+01
1.718627929687500000e+01
1.718872070312500000e+01
1.718994140625000000e+01
1.719238281250000000e+01
1.719299316406250000e+01
1.719482421875000000e+01
1.719604492187500000e+01
1.719848632812500000e+01
1.719909667968750000e+01
1.720214843750000000e+01
1.720214843750000000e+01
1.720397949218750000e+01
1.720520019531250000e+01
1.720642089843750000e+01
1.720886230468750000e+01
1.720947265625000000e+01
1.721069335937500000e+01
1.721191406250000000e+01
1.721557617187500000e+01
1.721618652343750000e+01
1.721862792968750000e+01
1.721923828125000000e+01
1.722106933593750000e+01
1.722229003906250000e+01
1.722412109375000000e+01
1.722534179687500000e+01
1.722839355468750000e+01
1.722900390625000000e+01
1.723205566406250000e+01
1.723266601562500000e+01
1.723571777343750000e+01
1.723632812500000000e+01
1.723754882812500000e+01
1.723815917968750000e+01
1.724121093750000000e+01
1.724182128906250000e+01
1.724426269531250000e+01
1.724548339843750000e+01
1.724792480468750000e+01
1.724975585937500000e+01
1.725158691406250000e+01
1.725341796875000000e+01
1.725463867187500000e+01
1.725646972656250000e+01
1.725708007812500000e+01
1.726074218750000000e+01
1.726074218750000000e+01
1.726318359375000000e+01
1.726379394531250000e+01
1.726623535156250000e+01
1.726745605468750000e+01
1.726989746093750000e+01
1.727050781250000000e+01
1.727233886718750000e+01
1.727416992187500000e+01
1.727661132812500000e+01
1.727722167968750000e+01
1.728027343750000000e+01
1.728088378906250000e+01
1.728332519531250000e+01
1.728393554687500000e+01
1.728637695312500000e+01
1.728759765625000000e+01
1.729003906250000000e+01
1.729064941406250000e+01
1.729248046875000000e+01
1.729370117187500000e+01
1.729675292968750000e+01
1.729675292968750000e+01
1.729919433593750000e+01
1.730041503906250000e+01
1.730224609375000000e+01
1.730407714843750000e+01
1.730590820312500000e+01
1.730712890625000000e+01
1.730957031250000000e+01
1.731079101562500000e+01
1.731201171875000000e+01
1.731384277343750000e+01
1.731567382812500000e+01
