1.293438942833099015e+00
1.293438942833099015e+00
1.293471509217989368e+00
1.293504075456098690e+00
1.293536641547422317e+00
1.293666904444789711e+00
1.293732035012665538e+00
1.293829729763385838e+00
1.293894858863093855e+00
1.294057679042780462e+00
1.294090242638188171e+00
1.294220495551263506e+00
1.294253058412374591e+00
1.294415870514803224e+00
1.294480994327579015e+00
1.294578678945011330e+00
1.294611240190346235e+00
1.294741483702537943e+00
1.294839164793974540e+00
1.294904284786920767e+00
1.295034523009452876e+00
1.295067082197697728e+00
1.295132200133295663e+00
1.295262434240820548e+00
1.295294992400248812e+00
1.295425223568039463e+00
1.295490338269929431e+00
1.295620565909551436e+00
1.295718235095512982e+00
1.295750791196765173e+00
1.295881014131334164e+00
1.295913569497347817e+00
1.296011234713022375e+00
1.296108898605067949e+00
1.296174007131033257e+00
1.296304222417874463e+00
1.296369329178691299e+00
1.296466988216578908e+00
1.296532093506235661e+00
1.296629750337244147e+00
1.296662302319972149e+00
1.296857611126191356e+00
1.296922712884309936e+00
1.296987814053735644e+00
1.297118014626389204e+00
1.297150564401573503e+00
1.297248212843916004e+00
1.297345859961366754e+00
1.297378408706079567e+00
1.297541150221193540e+00
1.297573698082501004e+00
1.297736435180256054e+00
1.297768982158025164e+00
1.297866622207701548e+00
1.297964260931854241e+00
1.298029352678171433e+00
1.298094443835293488e+00
1.298224624381832948e+00
1.298354802571236366e+00
1.298387346750256910e+00
1.298484978403266821e+00
1.298550065435193801e+00
1.298712780436181768e+00
1.298745322994265150e+00
1.298842949784219103e+00
1.298875491752759848e+00
1.299038199384465964e+00
1.299070740468581731e+00
1.299200903330838708e+00
1.299233443677832556e+00
1.299363603591416227e+00
1.299428682663521295e+00
1.299558839038210012e+00
1.299623916340734819e+00
1.299721531188414048e+00
1.299786607016085282e+00
1.299916756901418946e+00
1.299916756901418946e+00
1.300079440939015285e+00
1.300111977303954669e+00
1.300274656915550775e+00
1.300307192395223632e+00
1.300437332838305426e+00
1.300469867580154926e+00
1.300567470920233504e+00
1.300632539075690985e+00
1.300762673615445175e+00
1.300795206881370403e+00
1.300925338468907233e+00
1.300990403376925286e+00
1.301087999631681980e+00
1.301185594557624947e+00
1.301283188154654935e+00
1.301348249814340718e+00
1.301478371361576292e+00
1.301510901379169027e+00
1.301608490545768548e+00
1.301738607366680123e+00
1.301803664890832435e+00
1.301868721824075426e+00
1.301966306115922345e+00
1.302063889078058700e+00
1.302128943647372417e+00
1.302193997625629596e+00
1.302324103808857103e+00
1.302356629985207404e+00
1.302486733212673720e+00
1.302551783939593699e+00
1.302681883619658976e+00
1.302714408170117411e+00
1.302844504893609701e+00
1.302909552368299195e+00
1.302974599251577770e+00
1.303104691243784918e+00
1.303169736352654651e+00
1.303234780869995557e+00
1.303364868129972987e+00
1.303429910872550668e+00
1.303559994582735859e+00
1.303592515140475250e+00
1.303657555812159918e+00
1.303787635380248888e+00
1.303820154902399775e+00
1.303950231511405988e+00
1.304047787414480908e+00
1.304145341985719408e+00
1.304210377626586759e+00
1.304275412675452994e+00
1.304405480997063993e+00
1.304437997707420305e+00
1.304535546950316816e+00
1.304600579038734720e+00
1.304730641439006744e+00
1.304828186684600988e+00
1.304860701470329953e+00
1.304990759132467648e+00
1.305055787075018348e+00
1.305153327878113778e+00
1.305283380208722033e+00
1.305315892921078191e+00
1.305380917901409532e+00
1.305478454260899257e+00
1.305608500666183280e+00
1.305673522979886592e+00
1.305771055339184805e+00
1.305836076171169591e+00
1.305998625657833756e+00
1.306031135110572006e+00
1.306161171439418123e+00
1.306193680151085168e+00
1.306291205396718169e+00
1.306356221485964531e+00
1.306486251885502270e+00
1.306551266195734806e+00
1.306616279912903744e+00
1.306681293036979552e+00
1.306778811610978863e+00
1.306876328850352431e+00
1.306941339601760399e+00
1.307038854616536794e+00
1.307103863884787831e+00
1.307233880641316404e+00
1.307266384459599307e+00
1.307428901325734527e+00
1.307461404253879911e+00
1.307591414482732528e+00
1.307623916668994690e+00
1.307753923930131235e+00
1.307786425374418471e+00
1.307916429667470348e+00
1.307948930369690732e+00
1.308111431654349621e+00
1.308176431129138173e+00
1.308273929227934840e+00
1.308306428297282276e+00
1.308436423089984979e+00
1.308468921416970243e+00
1.308631410824570018e+00
1.308663908260598863e+00
1.308793896519620858e+00
1.308891386154435788e+00
1.308956378501661355e+00
1.309053865908449188e+00
1.309118856770230988e+00
1.309151351978287803e+00
1.309313825790083596e+00
1.309378814274771985e+00
1.309476295887394670e+00
1.309541282886159896e+00
1.309671255100398390e+00
1.309736240315812594e+00
1.309833717024219579e+00
1.309866208963083478e+00
1.309996175232080784e+00
1.310061157474653237e+00
1.310158629723521040e+00
1.310191120175798085e+00
1.310386059767072897e+00
1.310418549178519854e+00
1.310516016520617333e+00
1.310645970894708023e+00
1.310678459116413341e+00
1.310775922889109601e+00
1.310905872503586256e+00
1.310970846418278990e+00
1.311035819737901731e+00
1.311165764591820437e+00
1.311198250433335266e+00
1.311295707065106120e+00
1.311425647157522523e+00
1.311490616310831525e+00
1.311555584868834723e+00
1.311685520198805799e+00
1.311718003659186449e+00
1.311847936012149773e+00
1.311880418728232467e+00
1.312042830075512034e+00
1.312075311898315721e+00
1.312205237700564853e+00
1.312237718778867412e+00
1.312400121936639241e+00
1.312432602121419212e+00
1.312562521371170021e+00
1.312595000811246804e+00
1.312757395777280456e+00
1.312789874323591288e+00
1.312919787019059870e+00
1.312952264820464787e+00
1.313082174536124080e+00
1.313114651592530491e+00
1.313244558328012568e+00
1.313277034639328322e+00
1.313439413960397983e+00
