1.293406376301430294e+00
1.293406376301430294e+00
1.293438942833099015e+00
1.293471509217989368e+00
1.293536641547422317e+00
1.293601773289698720e+00
1.293699469802131352e+00
1.293797164993296445e+00
1.293862294386652900e+00
1.294025115300524664e+00
1.294057679042780462e+00
1.294220495551263506e+00
1.294253058412374591e+00
1.294383308388080245e+00
1.294415870514803224e+00
1.294546117552769493e+00
1.294578678945011330e+00
1.294741483702537943e+00
1.294774044213280906e+00
1.294871724863917883e+00
1.294969404192090057e+00
1.295067082197697728e+00
1.295132200133295663e+00
1.295229875934407193e+00
1.295262434240820548e+00
1.295425223568039463e+00
1.295457780992488095e+00
1.295620565909551436e+00
1.295653122451902339e+00
1.295750791196765173e+00
1.295815902958144861e+00
1.295913569497347817e+00
1.295978679788195587e+00
1.296108898605067949e+00
1.296141452941592664e+00
1.296304222417874463e+00
1.296336775871836267e+00
1.296466988216578908e+00
1.296499540934969774e+00
1.296564645930372350e+00
1.296662302319972149e+00
1.296727405843992598e+00
1.296825060026381315e+00
1.296922712884309936e+00
1.297020364417679206e+00
1.297118014626389204e+00
1.297183114029558437e+00
1.297313311069432817e+00
1.297345859961366754e+00
1.297410957303566814e+00
1.297573698082501004e+00
1.297638793363370180e+00
1.297703888055221411e+00
1.297866622207701548e+00
1.297931714837756489e+00
1.298029352678171433e+00
1.298061898330383768e+00
1.298192079466170323e+00
1.298224624381832948e+00
1.298354802571236366e+00
1.298419890781937980e+00
1.298550065435193801e+00
1.298615151877688723e+00
1.298712780436181768e+00
1.298777865404968201e+00
1.298875491752759848e+00
1.298973116773997738e+00
1.299070740468581731e+00
1.299103281405280974e+00
1.299233443677832556e+00
1.299298523929510063e+00
1.299396143201195786e+00
1.299428682663521295e+00
1.299623916340734819e+00
1.299656454770779401e+00
1.299754069175997007e+00
1.299819144708675545e+00
1.299916756901418946e+00
1.300014367766545442e+00
1.300111977303954669e+00
1.300177049591224598e+00
1.300274656915550775e+00
1.300372262911894117e+00
1.300469867580154926e+00
1.300534936621122517e+00
1.300632539075690985e+00
1.300730140201910912e+00
1.300795206881370403e+00
1.300827739999682819e+00
1.300990403376925286e+00
1.301087999631681980e+00
1.301153063063296145e+00
1.301250657103308228e+00
1.301348249814340718e+00
1.301413310883324348e+00
1.301478371361576292e+00
1.301575960971268930e+00
1.301673549251649131e+00
1.301738607366680123e+00
1.301868721824075426e+00
1.301933778166380673e+00
1.301998833917718423e+00
1.302063889078058700e+00
1.302193997625629596e+00
1.302259051012800706e+00
1.302356629985207404e+00
1.302421681894535332e+00
1.302551783939593699e+00
1.302616834075265073e+00
1.302714408170117411e+00
1.302779456827539484e+00
1.302877028704878981e+00
1.302909552368299195e+00
1.303072168467536152e+00
1.303104691243784918e+00
1.303234780869995557e+00
1.303299824795778106e+00
1.303429910872550668e+00
1.303494953023481617e+00
1.303559994582735859e+00
1.303625035550284306e+00
1.303787635380248888e+00
1.303820154902399775e+00
1.303917712581101673e+00
1.304015268928099713e+00
1.304112823943294641e+00
1.304177859880151225e+00
1.304210377626586759e+00
1.304307929977876590e+00
1.304437997707420305e+00
1.304470514269749915e+00
1.304600579038734720e+00
1.304633094860878861e+00
1.304828186684600988e+00
1.304860701470329953e+00
1.304958244939057099e+00
1.304990759132467648e+00
1.305120814425184461e+00
1.305185841182936235e+00
1.305315892921078191e+00
1.305348405485308616e+00
1.305510966084445723e+00
1.305543477759844473e+00
1.305641011897116233e+00
1.305706033914490583e+00
1.305836076171169591e+00
1.305901096410415407e+00
1.305998625657833756e+00
1.306031135110572006e+00
1.306161171439418123e+00
1.306226188714526337e+00
1.306356221485964531e+00
1.306356221485964531e+00
1.306551266195734806e+00
1.306583773128454196e+00
1.306648786549080121e+00
1.306746305567932698e+00
1.306876328850352431e+00
1.306941339601760399e+00
1.306973844755001002e+00
1.307103863884787831e+00
1.307233880641316404e+00
1.307266384459599307e+00
1.307331391651120667e+00
1.307461404253879911e+00
1.307526409665059397e+00
1.307623916668994690e+00
1.307688920596352888e+00
1.307786425374418471e+00
1.307883928816829577e+00
1.307948930369690732e+00
1.308046431585789149e+00
1.308111431654349621e+00
1.308241430010125717e+00
1.308306428297282276e+00
1.308403924614519820e+00
1.308468921416970243e+00
1.308598913240039296e+00
1.308631410824570018e+00
1.308761399677636827e+00
1.308826393213084360e+00
1.308923882402316163e+00
1.308988874452467810e+00
1.309118856770230988e+00
1.309151351978287803e+00
1.309281331324868569e+00
1.309346320106719475e+00
1.309443802165113357e+00
1.309508789461077960e+00
1.309671255100398390e+00
1.309703747782417160e+00
1.309768732700580252e+00
1.309866208963083478e+00
1.309963683887807484e+00
1.310028666427697219e+00
1.310158629723521040e+00
1.310191120175798085e+00
1.310321080498079827e+00
1.310418549178519854e+00
1.310516016520617333e+00
1.310548505337222780e+00
1.310710947189384745e+00
1.310710947189384745e+00
1.310840897993853504e+00
1.310905872503586256e+00
1.311035819737901731e+00
1.311068306174552944e+00
1.311198250433335266e+00
1.311230736126057117e+00
1.311425647157522523e+00
1.311425647157522523e+00
1.311555584868834723e+00
1.311620552831502584e+00
1.311718003659186449e+00
1.311782970133387183e+00
1.311880418728232467e+00
1.311977865983241731e+00
1.312075311898315721e+00
1.312140275097240405e+00
1.312237718778867412e+00
1.312335161120293581e+00
1.312400121936639241e+00
1.312530041782145052e+00
1.312595000811246804e+00
1.312692438237751835e+00
1.312789874323591288e+00
1.312854830969287789e+00
1.312952264820464787e+00
1.313017219976293504e+00
1.313114651592530491e+00
1.313179605258307792e+00
1.313277034639328322e+00
1.313341986814869689e+00
1.313439413960397983e+00
