1.543147507858045442e+00
1.543147507858045442e+00
1.543178768250806021e+00
1.543210028468448902e+00
1.543335067587767506e+00
1.543366326929766386e+00
1.543460103904912062e+00
1.543522621012598517e+00
1.543647653126057007e+00
1.543710168131772420e+00
1.543803939326498842e+00
1.543897708944523162e+00
1.543991476985750344e+00
1.544053988137189304e+00
1.544147753550207947e+00
1.544210262949419210e+00
1.544304025733963526e+00
1.544429040326564584e+00
1.544491546571319152e+00
1.544585304623939059e+00
1.544679061099059503e+00
1.544710312906860672e+00
1.544835318385111567e+00
1.544866569316418081e+00
1.545022821343233987e+00
1.545054071222629055e+00
1.545116570455423277e+00
1.545241566816927037e+00
1.545272815468930805e+00
1.545397808323354827e+00
1.545429056098544862e+00
1.545585292343821804e+00
1.545616539066717587e+00
1.545741524204318207e+00
1.545835261215737111e+00
1.545866506535375828e+00
1.545991486059663300e+00
1.546022730502150555e+00
1.546210193472693506e+00
1.546241436687020743e+00
1.546303922589273849e+00
1.546397650126599688e+00
1.546491376084574876e+00
1.546553859179093937e+00
1.546710063844059846e+00
1.546710063844059846e+00
1.546835024416714832e+00
1.546897503649858230e+00
1.546959982180841076e+00
1.547084937136212091e+00
1.547116175436160423e+00
1.547241126880267936e+00
1.547334838619780495e+00
1.547366075515109740e+00
1.547491021340458683e+00
1.547522257357786257e+00
1.547709669773795538e+00
1.547709669773795538e+00
1.547834607871869883e+00
1.547865841957281496e+00
1.548022009749516537e+00
1.548053242780974559e+00
1.548084475636761548e+00
1.548271869082187280e+00
1.548303100708175783e+00
1.548396794531929910e+00
1.548490486774291464e+00
1.548552947390601009e+00
1.548677866514455159e+00
1.548677866514455159e+00
1.548802782826435465e+00
1.548865239927901261e+00
1.549021379605644899e+00
1.549052607013864380e+00
1.549177514888859797e+00
1.549208741418120816e+00
1.549333645777103863e+00
1.549364871427317158e+00
1.549520997041010428e+00
1.549552221636249838e+00
1.549708341974755266e+00
1.549739565514893114e+00
1.549833235080116722e+00
1.549895680577572543e+00
1.550020569461890929e+00
1.550051791243242993e+00
1.550145455531896976e+00
1.550207897511461930e+00
1.550332779359574253e+00
1.550395219228065002e+00
1.550520096853773344e+00
1.550582534610934538e+00
1.550644971664262295e+00
1.550707408013728861e+00
1.550801061218126442e+00
1.550894712838675860e+00
1.551019579202146836e+00
1.551050795353003275e+00
1.551144442749491148e+00
1.551206873467045000e+00
1.551331732789775097e+00
1.551394161394894278e+00
1.551456589295811872e+00
1.551581442984929282e+00
1.551612655967038457e+00
1.551706293856900176e+00
1.551862353484906532e+00
1.551862353484906532e+00
1.552018408710324593e+00
1.552018408710324593e+00
1.552205669168786661e+00
1.552205669168786661e+00
1.552330505951625028e+00
1.552392923286118664e+00
1.552517755841112734e+00
1.552580171061556324e+00
1.552673792570826050e+00
1.552704999388196283e+00
1.552829824895649136e+00
1.552861030831987899e+00
1.552985852815139456e+00
1.553048262749342934e+00
1.553173080502864734e+00
1.553204284500623311e+00
1.553360301845508884e+00
1.553391504785679444e+00
1.553485112548515401e+00
1.553547516842306297e+00
1.553641121960773752e+00
1.553734725492492696e+00
1.553797126965398068e+00
1.553890727852323739e+00
1.553984327152246214e+00
1.554046725803811979e+00
1.554171520990698996e+00
1.554202719346515105e+00
1.554327511006055040e+00
1.554358708479990803e+00
1.554483496611829718e+00
1.554545889619357357e+00
1.554639477807580050e+00
1.554701869050974405e+00
1.554826649420625317e+00
1.554857844071947381e+00
1.555013814681833972e+00
1.555045008274442031e+00
1.555169780880192087e+00
1.555200973590440849e+00
1.555325742666578526e+00
1.555356934494380505e+00
1.555450508918771346e+00
1.555544081754565600e+00
1.555637653001668230e+00
1.555700032950416256e+00
1.555824790729415152e+00
1.555855979732790884e+00
1.556011922101247835e+00
1.556011922101247835e+00
1.556136672817694855e+00
1.556167860055344132e+00
1.556323793594638127e+00
1.556354979772681446e+00
1.556479722718686620e+00
1.556510908013627903e+00
1.556698016073900570e+00
1.556698016073900570e+00
1.556791567719278735e+00
1.556853934599555789e+00
1.556947483594937953e+00
1.557041031000194531e+00
1.557134576815230487e+00
1.557196939808418001e+00
1.557290482972873535e+00
1.557352844198919062e+00
1.557477564530262759e+00
1.557508744171255843e+00
1.557633460967749350e+00
1.557695818305459445e+00
1.557820530859666208e+00
1.557851708556277526e+00
1.558007594387515793e+00
