1.543147507858045442e+00
1.543147507858045442e+00
1.543178768250806021e+00
1.543210028468448902e+00
1.543335067587767506e+00
1.543366326929766386e+00
1.543460103904912062e+00
1.543522621012598517e+00
1.543678910716502539e+00
1.543710168131772420e+00
1.543803939326498842e+00
1.543897708944523162e+00
1.544022732649076746e+00
1.544053988137189304e+00
1.544147753550207947e+00
1.544210262949419210e+00
1.544335279644991399e+00
1.544366533380769901e+00
1.544522799430797511e+00
1.544554052115005627e+00
1.544710312906860672e+00
1.544741564539370060e+00
1.544835318385111567e+00
1.544866569316418081e+00
1.545022821343233987e+00
1.545054071222629055e+00
1.545179068986865412e+00
1.545210317989570425e+00
1.545335312246868709e+00
1.545366560372795073e+00
1.545460303698361404e+00
1.545554045445534985e+00
1.545679031986321617e+00
1.545710278183022757e+00
1.545866506535375828e+00
1.545866506535375828e+00
1.545991486059663300e+00
1.546022730502150555e+00
1.546210193472693506e+00
1.546210193472693506e+00
1.546335165277193280e+00
1.546397650126599688e+00
1.546522617719583215e+00
1.546553859179093937e+00
1.546710063844059846e+00
1.546710063844059846e+00
1.546835024416714832e+00
1.546866264121054657e+00
1.546991221183013687e+00
1.547053698660702636e+00
1.547178651509358183e+00
1.547209889282600503e+00
1.547366075515109740e+00
1.547397312234845668e+00
1.547459785147524025e+00
1.547553493199502528e+00
1.547678434810187298e+00
1.547740904561771158e+00
1.547834607871869883e+00
1.547897075867042282e+00
1.548022009749516537e+00
1.548053242780974559e+00
1.548146940821307105e+00
1.548209405303125008e+00
1.548334332158464832e+00
1.548365563433050651e+00
1.548552947390601009e+00
1.548552947390601009e+00
1.548646636997096149e+00
1.548740325021943809e+00
1.548802782826435465e+00
1.548896468214991051e+00
1.548958924261865988e+00
1.549083834246298919e+00
1.549177514888859797e+00
1.549208741418120816e+00
1.549333645777103863e+00
1.549364871427317158e+00
1.549489772269933008e+00
1.549520997041010428e+00
1.549708341974755266e+00
1.549739565514893114e+00
1.549833235080116722e+00
1.549926903062481598e+00
1.549989347504644455e+00
1.550083012848697317e+00
1.550176676609635651e+00
1.550207897511461930e+00
1.550363999381786151e+00
1.550395219228065002e+00
1.550488877711264424e+00
1.550551315820331455e+00
1.550707408013728861e+00
1.550707408013728861e+00
1.550801061218126442e+00
1.550863495807814907e+00
1.551019579202146836e+00
1.551082011327848731e+00
1.551175658196280782e+00
1.551206873467045000e+00
1.551331732789775097e+00
1.551394161394894278e+00
1.551487802982186359e+00
1.551550229826748506e+00
1.551675081403027567e+00
1.551706293856900176e+00
1.551862353484906532e+00
1.551862353484906532e+00
1.552018408710324593e+00
1.552049619227058308e+00
1.552174459532711381e+00
1.552205669168786661e+00
1.552330505951625028e+00
1.552361714706951945e+00
1.552517755841112734e+00
1.552548963539425397e+00
1.552704999388196283e+00
1.552704999388196283e+00
1.552829824895649136e+00
1.552861030831987899e+00
1.552985852815139456e+00
1.553017057870358375e+00
1.553173080502864734e+00
1.553204284500623311e+00
1.553360301845508884e+00
1.553391504785679444e+00
1.553453910137186256e+00
1.553516314783556673e+00
1.553672323314323478e+00
1.553703524491564236e+00
1.553828327437367651e+00
1.553859527733010504e+00
1.554015526566203009e+00
1.554046725803811979e+00
1.554171520990698996e+00
1.554202719346515105e+00
1.554327511006055040e+00
1.554389905777539660e+00
1.554483496611829718e+00
1.554545889619357357e+00
1.554670673517488444e+00
1.554670673517488444e+00
1.554826649420625317e+00
1.554857844071947381e+00
1.554982620912764624e+00
1.555013814681833972e+00
1.555169780880192087e+00
1.555200973590440849e+00
1.555325742666578526e+00
1.555356934494380505e+00
1.555512890985817354e+00
1.555544081754565600e+00
1.555637653001668230e+00
1.555700032950416256e+00
1.555762412193007815e+00
1.555887168559609846e+00
1.555918357209868708e+00
1.556074297812634066e+00
1.556105485403457278e+00
1.556199047116401557e+00
1.556292607239984971e+00
1.556386165774111818e+00
1.556479722718686620e+00
1.556510908013627903e+00
1.556666831838798615e+00
1.556698016073900570e+00
1.556791567719278735e+00
1.556822751247750380e+00
1.556885117774691185e+00
1.557041031000194531e+00
1.557072213115235915e+00
1.557196939808418001e+00
1.557259302094769815e+00
1.557352844198919062e+00
1.557415204718058277e+00
1.557539923635504531e+00
1.557602282033754726e+00
1.557726996709168699e+00
1.557789352986275189e+00
1.557851708556277526e+00
1.557976417574855610e+00
