2.785000000000000000e+02
2.784100000000000250e+02
2.783299999999999841e+02
2.783899999999999864e+02
2.783000000000000114e+02
2.784100000000000250e+02
2.782400000000000091e+02
2.781100000000000136e+02
2.781000000000000227e+02
2.779599999999999795e+02
2.782099999999999795e+02
2.782300000000000182e+02
2.781600000000000250e+02
2.780799999999999841e+02
2.781499999999999773e+02
2.781100000000000136e+02
2.781800000000000068e+02
2.781399999999999864e+02
2.779399999999999977e+02
2.779599999999999795e+02
2.780199999999999818e+02
2.781499999999999773e+02
2.781200000000000045e+02
2.781700000000000159e+02
2.781600000000000250e+02
2.781999999999999886e+02
2.782300000000000182e+02
2.782099999999999795e+02
2.783899999999999864e+02
2.783199999999999932e+02
2.780600000000000023e+02
2.782099999999999795e+02
2.782200000000000273e+02
2.781100000000000136e+02
2.782699999999999818e+02
2.784100000000000250e+02
2.786200000000000045e+02
2.786999999999999886e+02
2.788399999999999750e+02
2.786100000000000136e+02
2.789599999999999795e+02
2.791899999999999977e+02
2.792799999999999727e+02
2.795500000000000114e+02
2.798399999999999750e+02
2.801200000000000045e+02
2.803700000000000045e+02
2.806000000000000227e+02
2.814599999999999795e+02
2.814300000000000068e+02
2.817699999999999818e+02
2.826800000000000068e+02
2.838899999999999864e+02
2.844900000000000091e+02
2.856000000000000227e+02
2.872099999999999795e+02
2.885699999999999932e+02
2.901800000000000068e+02
2.922300000000000182e+02
2.948799999999999955e+02
2.966399999999999864e+02
2.983199999999999932e+02
2.994900000000000091e+02
3.007799999999999727e+02
3.032500000000000000e+02
3.038000000000000114e+02
3.055899999999999750e+02
3.059200000000000159e+02
3.072699999999999818e+02
3.077599999999999909e+02
3.093600000000000136e+02
3.109200000000000159e+02
3.117300000000000182e+02
3.141999999999999886e+02
3.151899999999999977e+02
3.168100000000000023e+02
3.177599999999999909e+02
3.197900000000000205e+02
3.204800000000000182e+02
3.218500000000000227e+02
3.226000000000000227e+02
3.232599999999999909e+02
3.242099999999999795e+02
3.244800000000000182e+02
3.257500000000000000e+02
3.261600000000000250e+02
3.275299999999999727e+02
3.286000000000000227e+02
3.295400000000000205e+02
3.296399999999999864e+02
3.300000000000000000e+02
3.292599999999999909e+02
3.283999999999999773e+02
3.266700000000000159e+02
3.248199999999999932e+02
3.218899999999999864e+02
3.178199999999999932e+02
3.145799999999999841e+02
3.100500000000000114e+02
3.050699999999999932e+02
3.019700000000000273e+02
2.983899999999999864e+02
2.941499999999999773e+02
2.903399999999999750e+02
2.879700000000000273e+02
2.846999999999999886e+02
2.826999999999999886e+02
2.809300000000000068e+02
2.803000000000000114e+02
2.792699999999999818e+02
2.788299999999999841e+02
2.785199999999999818e+02
2.782799999999999727e+02
2.779300000000000068e+02
2.779399999999999977e+02
2.780600000000000023e+02
2.781000000000000227e+02
2.780600000000000023e+02
2.780600000000000023e+02
2.782300000000000182e+02
2.779300000000000068e+02
2.781700000000000159e+02
2.782300000000000182e+02
2.780299999999999727e+02
2.780600000000000023e+02
2.781600000000000250e+02
2.781299999999999955e+02
2.781499999999999773e+02
2.782200000000000273e+02
2.781499999999999773e+02
2.781600000000000250e+02
2.779399999999999977e+02
2.781200000000000045e+02
2.781700000000000159e+02
2.779499999999999886e+02
2.779900000000000091e+02
2.780099999999999909e+02
2.780099999999999909e+02
2.779200000000000159e+02
2.778700000000000045e+02
2.779100000000000250e+02
2.778600000000000136e+02
2.779499999999999886e+02
2.778999999999999773e+02
2.778199999999999932e+02
2.779499999999999886e+02
2.779300000000000068e+02
2.781499999999999773e+02
2.779100000000000250e+02
2.780099999999999909e+02
2.780899999999999750e+02
2.781100000000000136e+02
2.780000000000000000e+02
2.779499999999999886e+02
2.779399999999999977e+02
2.778100000000000023e+02
2.777500000000000000e+02
2.777200000000000273e+02
2.779499999999999886e+02
2.780199999999999818e+02
2.780899999999999750e+02
2.781800000000000068e+02
2.781600000000000250e+02
2.780199999999999818e+02
2.780400000000000205e+02
2.780299999999999727e+02
2.778799999999999955e+02
2.777900000000000205e+02
2.776700000000000159e+02
2.777599999999999909e+02
2.778899999999999864e+02
2.779100000000000250e+02
2.777500000000000000e+02
2.777400000000000091e+02
2.778299999999999841e+02
2.779499999999999886e+02
2.777699999999999818e+02
2.778999999999999773e+02
2.780199999999999818e+02
2.777699999999999818e+02
2.778700000000000045e+02
