2.293334960937500000e+01
2.293273925781250000e+01
2.293334960937500000e+01
2.293395996093750000e+01
2.293457031250000000e+01
2.293701171875000000e+01
2.293823242187500000e+01
2.293945312500000000e+01
2.294128417968750000e+01
2.294311523437500000e+01
2.294555664062500000e+01
2.294677734375000000e+01
2.294921875000000000e+01
2.295043945312500000e+01
2.295166015625000000e+01
2.295349121093750000e+01
2.295410156250000000e+01
2.295837402343750000e+01
2.295898437500000000e+01
2.296081542968750000e+01
2.296203613281250000e+01
2.296386718750000000e+01
2.296569824218750000e+01
2.296630859375000000e+01
2.296752929687500000e+01
2.297058105468750000e+01
2.297119140625000000e+01
2.297424316406250000e+01
2.297485351562500000e+01
2.297668457031250000e+01
2.297790527343750000e+01
2.297973632812500000e+01
2.298095703125000000e+01
2.298339843750000000e+01
2.298461914062500000e+01
2.298645019531250000e+01
2.298828125000000000e+01
2.298950195312500000e+01
2.299133300781250000e+01
2.299255371093750000e+01
2.299316406250000000e+01
2.299682617187500000e+01
2.299743652343750000e+01
2.299987792968750000e+01
2.300048828125000000e+01
2.300292968750000000e+01
2.300476074218750000e+01
2.300537109375000000e+01
2.300720214843750000e+01
2.300903320312500000e+01
2.301086425781250000e+01
2.301208496093750000e+01
2.301452636718750000e+01
2.301574707031250000e+01
2.301818847656250000e+01
2.301879882812500000e+01
2.302124023437500000e+01
2.302185058593750000e+01
2.302490234375000000e+01
2.302551269531250000e+01
2.302734375000000000e+01
2.302856445312500000e+01
2.303100585937500000e+01
2.303161621093750000e+01
2.303405761718750000e+01
2.303466796875000000e+01
2.303771972656250000e+01
2.303894042968750000e+01
2.304016113281250000e+01
2.304138183593750000e+01
2.304382324218750000e+01
2.304504394531250000e+01
2.304687500000000000e+01
2.304870605468750000e+01
2.305053710937500000e+01
2.305175781250000000e+01
2.305419921875000000e+01
2.305480957031250000e+01
2.305664062500000000e+01
2.305847167968750000e+01
2.305908203125000000e+01
2.306152343750000000e+01
2.306335449218750000e+01
2.306518554687500000e+01
2.306579589843750000e+01
2.306823730468750000e+01
2.307067871093750000e+01
2.307067871093750000e+01
2.307250976562500000e+01
2.307434082031250000e+01
2.307617187500000000e+01
2.307739257812500000e+01
2.307983398437500000e+01
2.308105468750000000e+01
2.308288574218750000e+01
2.308349609375000000e+01
2.308593750000000000e+01
2.308837890625000000e+01
2.308898925781250000e+01
2.309082031250000000e+01
2.309265136718750000e+01
2.309387207031250000e+01
2.309570312500000000e+01
2.309692382812500000e+01
2.309875488281250000e+01
2.310058593750000000e+01
2.310302734375000000e+01
2.310363769531250000e+01
2.310607910156250000e+01
2.310668945312500000e+01
2.310913085937500000e+01
2.311035156250000000e+01
2.311218261718750000e+01
2.311340332031250000e+01
2.311584472656250000e+01
2.311706542968750000e+01
2.311889648437500000e+01
2.312011718750000000e+01
2.312255859375000000e+01
2.312316894531250000e+01
2.312500000000000000e+01
2.312683105468750000e+01
2.312866210937500000e+01
2.312988281250000000e+01
2.313232421875000000e+01
2.313293457031250000e+01
2.313476562500000000e+01
2.313598632812500000e+01
2.313842773437500000e+01
2.313964843750000000e+01
2.314147949218750000e+01
2.314208984375000000e+01
2.314453125000000000e+01
2.314575195312500000e+01
2.314819335937500000e+01
2.314880371093750000e+01
2.315063476562500000e+01
2.315246582031250000e+01
2.315368652343750000e+01
2.315612792968750000e+01
2.315734863281250000e+01
2.315856933593750000e+01
2.316162109375000000e+01
2.316162109375000000e+01
2.316406250000000000e+01
2.316589355468750000e+01
2.316711425781250000e+01
2.316894531250000000e+01
2.317077636718750000e+01
2.317199707031250000e+01
2.317382812500000000e+01
2.317504882812500000e+01
2.317687988281250000e+01
2.317871093750000000e+01
2.317993164062500000e+01
2.318237304687500000e+01
2.318359375000000000e+01
2.318481445312500000e+01
2.318603515625000000e+01
2.318786621093750000e+01
2.318908691406250000e+01
2.319213867187500000e+01
2.319274902343750000e+01
2.319519042968750000e+01
2.319580078125000000e+01
2.319824218750000000e+01
2.319885253906250000e+01
2.320129394531250000e+01
2.320190429687500000e+01
2.320495605468750000e+01
2.320556640625000000e+01
2.320739746093750000e+01
2.320922851562500000e+01
2.321166992187500000e+01
2.321228027343750000e+01
2.321411132812500000e+01
2.321472167968750000e+01
2.321777343750000000e+01
2.321838378906250000e+01
2.322082519531250000e+01
2.322204589843750000e+01
2.322387695312500000e+01
2.322631835937500000e+01
2.322692871093750000e+01
2.322753906250000000e+01
2.323059082031250000e+01
2.323120117187500000e+01
2.323425292968750000e+01
2.323486328125000000e+01
2.323730468750000000e+01
2.323852539062500000e+01
2.323974609375000000e+01
2.324096679687500000e+01
2.324401855468750000e+01
2.324462890625000000e+01
2.324707031250000000e+01
2.324829101562500000e+01
2.325012207031250000e+01
2.325195312500000000e+01
2.325317382812500000e+01
2.325378417968750000e+01
2.325683593750000000e+01
2.325744628906250000e+01
2.325988769531250000e+01
2.326049804687500000e+01
2.326416015625000000e+01
2.326477050781250000e+01
2.326660156250000000e+01
2.326843261718750000e+01
2.326965332031250000e+01
2.327209472656250000e+01
2.327270507812500000e+01
2.327514648437500000e+01
2.327575683593750000e+01
2.327819824218750000e+01
2.327941894531250000e+01
2.328063964843750000e+01
2.328308105468750000e+01
2.328430175781250000e+01
2.328613281250000000e+01
2.328735351562500000e+01
2.328857421875000000e+01
2.329101562500000000e+01
2.329223632812500000e+01
2.329528808593750000e+01
2.329589843750000000e+01
2.329833984375000000e+01
2.329895019531250000e+01
2.330078125000000000e+01
2.330200195312500000e+01
2.330383300781250000e+01
2.330566406250000000e+01
2.330688476562500000e+01
2.330871582031250000e+01
2.293273925781250000e+01
2.293273925781250000e+01
2.293334960937500000e+01
2.293334960937500000e+01
2.293395996093750000e+01
2.293701171875000000e+01
2.293823242187500000e+01
2.294006347656250000e+01
2.294128417968750000e+01
2.294433593750000000e+01
2.294494628906250000e+01
2.294799804687500000e+01
2.294860839843750000e+01
2.295104980468750000e+01
2.295166015625000000e+01
2.295349121093750000e+01
2.295471191406250000e+01
2.295776367187500000e+01
2.295959472656250000e+01
2.296020507812500000e+01
2.296264648437500000e+01
2.296325683593750000e+01
2.296508789062500000e+01
2.296630859375000000e+01
2.296813964843750000e+01
2.297058105468750000e+01
2.297119140625000000e+01
2.297363281250000000e+01
2.297485351562500000e+01
2.297729492187500000e+01
2.297790527343750000e+01
2.297973632812500000e+01
2.298034667968750000e+01
2.298339843750000000e+01
2.298461914062500000e+01
2.298645019531250000e+01
2.298767089843750000e+01
2.298950195312500000e+01
2.299133300781250000e+01
2.299255371093750000e+01
2.299316406250000000e+01
2.299682617187500000e+01
2.299743652343750000e+01
2.299987792968750000e+01
2.300048828125000000e+01
2.300292968750000000e+01
2.300415039062500000e+01
2.300659179687500000e+01
2.300720214843750000e+01
2.300964355468750000e+01
2.301086425781250000e+01
2.301208496093750000e+01
2.301452636718750000e+01
2.301574707031250000e+01
2.301818847656250000e+01
2.301879882812500000e+01
2.302124023437500000e+01
2.302185058593750000e+01
2.302429199218750000e+01
2.302551269531250000e+01
2.302734375000000000e+01
2.302856445312500000e+01
2.303100585937500000e+01
2.303161621093750000e+01
2.303405761718750000e+01
2.303527832031250000e+01
2.303710937500000000e+01
2.303894042968750000e+01
2.304016113281250000e+01
2.304138183593750000e+01
2.304443359375000000e+01
2.304504394531250000e+01
2.304687500000000000e+01
2.304870605468750000e+01
2.305053710937500000e+01
2.305175781250000000e+01
2.305419921875000000e+01
2.305480957031250000e+01
2.305664062500000000e+01
2.305847167968750000e+01
2.305969238281250000e+01
2.306152343750000000e+01
2.306335449218750000e+01
2.306518554687500000e+01
2.306640625000000000e+01
2.306762695312500000e+01
2.306945800781250000e+01
2.307067871093750000e+01
2.307312011718750000e+01
2.307434082031250000e+01
2.307678222656250000e+01
2.307739257812500000e+01
2.307983398437500000e+01
2.308105468750000000e+01
2.308288574218750000e+01
2.308410644531250000e+01
2.308593750000000000e+01
2.308837890625000000e+01
2.308898925781250000e+01
2.309082031250000000e+01
2.309265136718750000e+01
2.309448242187500000e+01
2.309570312500000000e+01
2.309692382812500000e+01
2.309936523437500000e+01
2.309997558593750000e+01
2.310302734375000000e+01
2.310363769531250000e+01
2.310607910156250000e+01
2.310668945312500000e+01
2.310913085937500000e+01
2.311035156250000000e+01
2.311218261718750000e+01
2.311340332031250000e+01
2.311645507812500000e+01
2.311645507812500000e+01
2.311950683593750000e+01
2.312011718750000000e+01
2.312255859375000000e+01
2.312316894531250000e+01
2.312500000000000000e+01
2.312622070312500000e+01
2.312866210937500000e+01
2.312927246093750000e+01
2.313232421875000000e+01
2.313293457031250000e+01
2.313537597656250000e+01
2.313598632812500000e+01
2.313842773437500000e+01
2.313964843750000000e+01
2.314147949218750000e+01
2.314208984375000000e+01
2.314453125000000000e+01
2.314636230468750000e+01
2.314758300781250000e+01
2.314880371093750000e+01
2.315063476562500000e+01
2.315246582031250000e+01
2.315368652343750000e+01
2.315551757812500000e+01
2.315734863281250000e+01
2.315856933593750000e+01
2.316162109375000000e+01
2.316223144531250000e+01
2.316406250000000000e+01
2.316528320312500000e+01
2.316772460937500000e+01
2.316833496093750000e+01
2.317077636718750000e+01
2.317138671875000000e+01
2.317321777343750000e+01
2.317504882812500000e+01
2.317749023437500000e+01
2.317810058593750000e+01
2.318054199218750000e+01
2.318176269531250000e+01
2.318359375000000000e+01
2.318481445312500000e+01
2.318603515625000000e+01
2.318847656250000000e+01
2.318908691406250000e+01
2.319152832031250000e+01
2.319274902343750000e+01
2.319458007812500000e+01
2.319580078125000000e+01
2.319763183593750000e+01
2.319885253906250000e+01
2.320068359375000000e+01
2.320190429687500000e+01
2.320434570312500000e+01
2.320556640625000000e+01
2.320800781250000000e+01
2.320861816406250000e+01
2.321105957031250000e+01
2.321166992187500000e+01
2.321411132812500000e+01
2.321472167968750000e+01
2.321777343750000000e+01
2.321838378906250000e+01
2.322082519531250000e+01
2.322204589843750000e+01
2.322387695312500000e+01
2.322570800781250000e+01
2.322692871093750000e+01
2.322753906250000000e+01
2.323120117187500000e+01
2.323120117187500000e+01
2.323486328125000000e+01
2.323547363281250000e+01
2.323730468750000000e+01
2.323852539062500000e+01
2.323974609375000000e+01
2.324157714843750000e+01
2.324340820312500000e+01
2.324462890625000000e+01
2.324707031250000000e+01
2.324829101562500000e+01
2.324951171875000000e+01
2.325134277343750000e+01
2.325317382812500000e+01
2.325500488281250000e+01
2.325622558593750000e+01
2.325805664062500000e+01
2.325988769531250000e+01
2.326049804687500000e+01
2.326416015625000000e+01
2.326477050781250000e+01
2.326660156250000000e+01
2.326782226562500000e+01
2.326965332031250000e+01
2.327148437500000000e+01
2.327270507812500000e+01
2.327453613281250000e+01
2.327636718750000000e+01
2.327819824218750000e+01
2.327941894531250000e+01
2.328125000000000000e+01
2.328247070312500000e+01
2.328491210937500000e+01
2.328552246093750000e+01
2.328796386718750000e+01
2.328918457031250000e+01
2.329101562500000000e+01
2.329223632812500000e+01
2.329467773437500000e+01
2.329528808593750000e+01
2.329772949218750000e+01
2.329895019531250000e+01
2.330078125000000000e+01
2.330200195312500000e+01
2.330383300781250000e+01
2.330505371093750000e+01
2.330627441406250000e+01
2.330932617187500000e+01
