9.675883927813818675e-01
9.675883927813818675e-01
9.675883927813818675e-01
9.676222184641486423e-01
9.676560440371105853e-01
9.678251702547165936e-01
9.678589951687701642e-01
9.679942937266308167e-01
9.680619423464952300e-01
9.681972382679392419e-01
9.682648855694570011e-01
9.683663556976426223e-01
9.685016476634249472e-01
9.685354703801190013e-01
9.687045823148886514e-01
9.687384043720753679e-01
9.688398698840328116e-01
9.689075130089634946e-01
9.690089768717212726e-01
9.690766188970894035e-01
9.692119016281586230e-01
9.692457220359729231e-01
9.694148224251346591e-01
9.694486421729583414e-01
9.695839200640951061e-01
9.696177392618207103e-01
9.697530149523742038e-01
9.698206521373875511e-01
9.698882888821845905e-01
9.700235610510062889e-01
9.700911964749696637e-01
9.701926487852691183e-01
9.702602831083266821e-01
9.703617337671235354e-01
9.704293669890834417e-01
9.705646321114945740e-01
9.706322640118841827e-01
9.707337110363627453e-01
9.708351570694214727e-01
9.709027872072872878e-01
9.710042315877498442e-01
9.710718606237891404e-01
9.712409312853886867e-01
9.712747450870781174e-01
9.713761858308160857e-01
9.714099991916058663e-01
9.715452515323823590e-01
9.716466896303548317e-01
9.717143144777029562e-01
9.717819388839751271e-01
9.719509979697460444e-01
9.719848094560281648e-01
9.721538652328658436e-01
9.721538652328658436e-01
9.722891078686191069e-01
9.723567285245057201e-01
9.724919685121452551e-01
9.725257782331716561e-01
9.726948251828103631e-01
9.727286342416127107e-01
9.728300607556994439e-01
9.728638693729423359e-01
9.730667187578764254e-01
9.730667187578764254e-01
9.731681419596918126e-01
9.732695641676013532e-01
9.734047922318926904e-01
9.734385989718230547e-01
9.735738248268590578e-01
9.736076310144278212e-01
9.737428546598252410e-01
9.738104658195438912e-01
9.739118817303109576e-01
9.740132966464125630e-01
9.741147105677454565e-01
9.741823192959331301e-01
9.742499275819246352e-01
9.743175354256893295e-01
9.744865531001561942e-01
9.745203563033141281e-01
9.746893706602155483e-01
9.747231731997915150e-01
9.748245801548409695e-01
9.749259861142927086e-01
9.749935895340998693e-01
9.750949938339920076e-01
9.751963971380106511e-01
9.752977994460519939e-01
9.753654004313743187e-01
9.754668010792232336e-01
9.755682007308186243e-01
9.756357999450236962e-01
9.757033987163725719e-01
9.757709970448347203e-01
9.759061923729761556e-01
9.759399909281596397e-01
9.761089820427709673e-01
9.761765777132684896e-01
9.762441729406644564e-01
9.763117677249282256e-01
9.764131590703839514e-01
9.765145494186197039e-01
9.765821424300477060e-01
9.767511230191765481e-01
9.768187144789708398e-01
9.768863054953723646e-01
9.769876911885452264e-01
9.770890758839116952e-01
9.771566651264342873e-01
9.772242539254104576e-01
9.772918422808096750e-01
9.773932239821342405e-01
9.774946046852377446e-01
9.775621912660219515e-01
9.776635703051939075e-01
9.777311557765944183e-01
9.779339095278298810e-01
9.779339095278298810e-01
9.780352849053397524e-01
9.781028679354211164e-01
9.782380326636255230e-01
9.782718235681630015e-01
9.784407764255763640e-01
9.784745666639775852e-01
9.785759367129481801e-01
9.786435161903636049e-01
9.787448845735623459e-01
9.788462519571594633e-01
9.789476183410517063e-01
9.789814069135079899e-01
9.791503481093071226e-01
9.791841360151437579e-01
9.793192865272853931e-01
9.793530738775004796e-01
9.795557956448033288e-01
9.795895822169868872e-01
9.796909412665461003e-01
9.797585134103875548e-01
9.798598707922766549e-01
9.799274418242422957e-01
9.800625825537305769e-01
9.800963674580711604e-01
9.802652903113955318e-01
9.802990745483575186e-01
9.804342103837359046e-01
9.804679940644434044e-01
9.806031276746126624e-01
9.806369107989704181e-01
9.808058247514591654e-01
9.808396072080698413e-01
9.809747359214301410e-01
9.810422996102062809e-01
9.811436443084045056e-01
9.812449880045515105e-01
9.813125499119031980e-01
9.813801113738220838e-01
9.814814527314466019e-01
9.816503527665559892e-01
9.816841324394036672e-01
9.817516914508939152e-01
9.818530291325593407e-01
9.819205870299115846e-01
9.819543658114490148e-01
9.820894798232497891e-01
9.821570361604869959e-01
9.822245920519083739e-01
9.822921474974827261e-01
9.824272570509686719e-01
9.824948111588187594e-01
9.826299180365801744e-01
9.826974708064297737e-01
9.827987991248295918e-01
9.829001264394876536e-01
9.829339019879687056e-01
9.831027780571648389e-01
9.831703277039404165e-01
9.832716513373268574e-01
9.833729739664883729e-01
9.834405218279759220e-01
9.835080692430646643e-01
9.836093895286329714e-01
9.836769358275908592e-01
9.838120270859573857e-01
9.838457996214541312e-01
9.839808886469457727e-01
9.840484324897408319e-01
9.841835188352764385e-01
9.842848324217597922e-01
9.843523742542774624e-01
9.844536861652705140e-01
9.845549970708319387e-01
9.846225371159150752e-01
9.846900767140630562e-01
9.847913852732145257e-01
9.849264617875230776e-01
9.849602306366891380e-01
9.850953049155936059e-01
9.851628413843362964e-01
9.852641452489773188e-01
9.852979129802496017e-01
9.854667499593772195e-01
9.855005170197291831e-01
9.856693506439107022e-01
9.857368833106421313e-01
9.858381814717772640e-01
9.858719473017506507e-01
9.860070095028494741e-01
9.860745399320688387e-01
9.861758347366489375e-01
9.862771285340381500e-01
9.863784213241330034e-01
9.864797131068305802e-01
9.865472404022457287e-01
9.866485305057171029e-01
9.867160566815524891e-01
9.868511076895358780e-01
9.868848701615747787e-01
9.869861569057322148e-01
9.870874426418713155e-01
9.871549659059027926e-01
9.872900110896808412e-01
9.873575330093661284e-01
9.874588150485530402e-01
9.875938561986715714e-01
9.876613761013203208e-01
9.877288955556542405e-01
9.877964145616430214e-01
9.879314512284620431e-01
9.879989688892309996e-01
